timestamp,open,low,high,close,volume
2001-04-16,582,582,592,582,0
2001-04-17,582,582,592,582,0
2001-04-18,582,582,592,582,0
2001-04-19,582,582,592,582,0
2001-04-20,582,582,592,582,0
2001-04-23,582,582,592,582,0
2001-04-24,582,582,592,582,0
2001-04-25,582,582,592,582,0
2001-04-26,582,582,592,582,0
2001-04-27,582,582,592,582,0
2001-04-30,582,582,592,582,0
2001-05-01,582,582,592,582,0
2001-05-02,582,582,592,582,0
2001-05-03,582,582,592,582,0
2001-05-04,582,582,592,582,0
2001-05-07,582,582,592,582,0
2001-05-08,582,582,592,582,0
2001-05-09,582,582,592,582,0
2001-05-10,582,582,592,582,0
2001-05-11,582,582,592,582,0
2001-05-14,582,582,592,582,0
2001-05-15,582,582,592,582,0
2001-05-16,582,582,592,582,0
2001-05-17,582,582,592,582,0
2001-05-18,582,582,592,582,0
2001-05-21,582,582,592,582,0
2001-05-22,582,582,592,582,0
2001-05-23,582,582,592,582,0
2001-05-24,582,582,592,582,0
2001-05-25,582,582,592,582,0
2001-05-28,582,582,592,582,0
2001-05-29,582,582,592,582,0
2001-05-30,582,582,592,582,0
2001-05-31,582,582,592,582,0
2001-06-01,582,582,592,582,0
2001-06-04,582,582,592,582,0
2001-06-05,582,582,592,582,0
2001-06-06,582,582,592,582,0
2001-06-07,582,582,592,582,0
2001-06-08,582,582,592,582,0
2001-06-11,582,582,592,582,0
2001-06-12,582,582,592,582,0
2001-06-13,582,582,592,582,0
2001-06-14,582,582,592,582,0
2001-06-15,582,582,592,582,0
2001-06-18,582,582,592,582,0
2001-06-19,582,582,592,582,0
2001-06-20,582,582,592,582,0
2001-06-21,582,582,592,582,0
2001-06-22,582,582,592,582,0
2001-06-25,582,582,592,582,0
2001-06-26,582,582,592,582,0
2001-06-27,582,582,592,582,0
2001-06-28,582,582,592,582,0
2001-06-29,582,582,592,582,0
2001-07-02,582,582,592,582,0
2001-07-03,582,582,592,582,0
2001-07-04,582,582,592,582,0
2001-07-05,582,582,592,582,0
2001-07-06,582,582,592,582,0
2001-07-09,582,582,592,582,0
2001-07-10,582,582,592,582,0
2001-07-11,582,582,592,582,0
2001-07-12,582,582,592,582,0
2001-07-13,582,582,592,582,0
2001-07-16,582,582,592,582,0
2001-07-17,582,582,592,582,0
2001-07-18,582,582,592,582,0
2001-07-19,582,582,592,582,0
2001-07-20,582,582,592,582,0
2001-07-23,582,582,592,582,0
2001-07-24,582,582,592,582,0
2001-07-25,582,582,592,582,0
2001-07-26,582,582,592,582,0
2001-07-27,582,582,592,582,0
2001-07-30,582,582,592,582,0
2001-07-31,582,582,592,582,0
2001-08-01,582,582,592,582,0
2001-08-02,582,582,592,582,0
2001-08-03,582,582,592,582,0
2001-08-06,582,582,592,582,0
2001-08-07,582,582,592,582,0
2001-08-08,582,582,592,582,0
2001-08-09,582,582,592,582,0
2001-08-10,582,582,592,582,0
2001-08-13,582,582,592,582,0
2001-08-14,582,582,592,582,0
2001-08-15,582,582,592,582,0
2001-08-16,582,582,592,582,0
2001-08-17,582,582,592,582,0
2001-08-20,582,582,592,582,0
2001-08-21,582,582,592,582,0
2001-08-22,582,582,592,582,0
2001-08-23,582,582,592,582,0
2001-08-24,582,582,592,582,0
2001-08-27,582,582,592,582,0
2001-08-28,582,582,592,582,0
2001-08-29,582,582,592,582,0
2001-08-30,582,582,592,582,0
2001-08-31,582,582,592,582,0
2001-09-03,582,582,592,582,0
2001-09-04,582,582,592,582,0
2001-09-05,582,582,592,582,0
2001-09-06,582,582,592,582,0
2001-09-07,582,582,592,582,0
2001-09-10,582,582,592,582,0
2001-09-11,582,582,592,582,0
2001-09-12,582,582,592,582,0
2001-09-13,582,582,592,582,0
2001-09-14,582,582,592,582,0
2001-09-17,582,582,592,582,0
2001-09-18,582,582,592,582,0
2001-09-19,582,582,592,582,0
2001-09-20,582,582,592,582,0
2001-09-21,582,582,592,582,0
2001-09-24,582,582,592,582,0
2001-09-25,582,582,592,582,0
2001-09-26,582,582,592,582,0
2001-09-27,582,582,592,582,0
2001-09-28,582,582,592,582,0
2001-10-01,582,582,592,582,0
2001-10-02,582,582,592,582,0
2001-10-03,582,582,592,582,0
2001-10-04,582,582,592,582,0
2001-10-05,582,582,592,582,0
2001-10-08,582,582,592,582,0
2001-10-09,582,582,592,582,0
2001-10-10,582,582,592,582,0
2001-10-11,582,582,592,582,0
2001-10-12,582,582,592,582,0
2001-10-15,582,582,592,582,0
2001-10-16,582,582,592,582,0
2001-10-17,582,582,592,582,0
2001-10-18,582,582,592,582,0
2001-10-19,582,582,592,582,0
2001-10-22,582,582,592,582,0
2001-10-23,582,582,592,582,0
2001-10-24,582,582,592,582,0
2001-10-25,582,582,592,582,0
2001-10-26,582,582,592,582,0
2001-10-29,582,582,592,582,0
2001-10-30,582,582,592,582,0
2001-10-31,582,582,592,582,0
2001-11-01,582,582,592,582,0
2001-11-02,582,582,592,582,0
2001-11-05,582,582,592,582,0
2001-11-06,582,582,592,582,0
2001-11-07,582,582,592,582,0
2001-11-08,582,582,592,582,0
2001-11-09,582,582,592,582,0
2001-11-12,582,582,592,582,0
2001-11-13,582,582,592,582,0
2001-11-14,582,582,592,582,0
2001-11-15,582,582,592,582,0
2001-11-16,582,582,592,582,0
2001-11-19,582,582,592,582,0
2001-11-20,582,582,592,582,0
2001-11-21,582,582,592,582,0
2001-11-22,582,582,592,582,0
2001-11-23,582,582,592,582,0
2001-11-26,582,582,592,582,0
2001-11-27,582,582,592,582,0
2001-11-28,582,582,592,582,0
2001-11-29,582,582,592,582,0
2001-11-30,582,582,592,582,0
2001-12-03,582,582,592,582,0
2001-12-04,582,582,592,582,0
2001-12-05,582,582,592,582,0
2001-12-06,582,582,592,582,0
2001-12-07,582,582,592,582,0
2001-12-10,582,582,592,582,0
2001-12-11,582,582,592,582,0
2001-12-12,582,582,592,582,0
2001-12-13,582,582,592,582,0
2001-12-14,582,582,592,582,0
2001-12-17,582,582,592,582,0
2001-12-18,582,582,592,582,0
2001-12-19,582,582,592,582,0
2001-12-20,582,582,592,582,0
2001-12-21,582,582,592,582,0
2001-12-24,582,582,592,582,0
2001-12-25,582,582,592,582,0
2001-12-26,582,582,592,582,0
2001-12-27,582,582,592,582,0
2001-12-28,582,582,592,582,0
2001-12-31,582,582,592,582,0
2002-01-01,582,582,592,582,0
2002-01-02,582,582,592,582,0
2002-01-03,582,582,592,582,0
2002-01-04,582,582,592,582,0
2002-01-07,582,582,592,582,0
2002-01-08,582,582,592,582,0
2002-01-09,582,582,592,582,0
2002-01-10,582,582,592,582,0
2002-01-11,582,582,592,582,0
2002-01-14,582,582,592,582,0
2002-01-15,582,582,592,582,0
2002-01-16,582,582,592,582,0
2002-01-17,582,582,592,582,0
2002-01-18,582,582,592,582,0
2002-01-21,582,582,592,582,0
2002-01-22,582,582,592,582,0
2002-01-23,582,582,592,582,0
2002-01-24,582,582,592,582,0
2002-01-25,582,582,592,582,0
2002-01-28,582,582,592,582,0
2002-01-29,582,582,592,582,0
2002-01-30,582,582,592,582,0
2002-01-31,582,582,592,582,0
2002-02-01,582,582,592,582,0
2002-02-04,582,582,592,582,0
2002-02-05,582,582,592,582,0
2002-02-06,582,582,592,582,0
2002-02-07,582,582,592,582,0
2002-02-08,582,582,592,582,0
2002-02-11,582,582,592,582,0
2002-02-12,582,582,592,582,0
2002-02-13,582,582,592,582,0
2002-02-14,582,582,592,582,0
2002-02-15,582,582,592,582,0
2002-02-18,582,582,592,582,0
2002-02-19,582,582,592,582,0
2002-02-20,582,582,592,582,0
2002-02-21,582,582,592,582,0
2002-02-22,582,582,592,582,0
2002-02-25,582,582,592,582,0
2002-02-26,582,582,592,582,0
2002-02-27,582,582,592,582,0
2002-02-28,582,582,592,582,0
2002-03-01,582,582,592,582,0
2002-03-04,582,582,592,582,0
2002-03-05,582,582,592,582,0
2002-03-06,582,582,592,582,0
2002-03-07,582,582,592,582,0
2002-03-08,582,582,592,582,0
2002-03-11,582,582,592,582,0
2002-03-12,582,582,592,582,0
2002-03-13,582,582,592,582,0
2002-03-14,582,582,592,582,0
2002-03-15,582,582,592,582,0
2002-03-18,582,582,592,582,0
2002-03-19,582,582,592,582,0
2002-03-20,582,582,592,582,0
2002-03-21,582,582,592,582,0
2002-03-22,582,582,592,582,0
2002-03-25,582,582,592,582,0
2002-03-26,582,582,592,582,0
2002-03-27,582,582,592,582,0
2002-03-28,582,582,592,582,0
2002-03-29,582,582,592,582,0
2002-04-01,582,582,592,582,0
2002-04-02,582,582,592,582,0
2002-04-03,582,582,592,582,0
2002-04-04,582,582,592,582,0
2002-04-05,582,582,592,582,0
2002-04-08,582,582,592,582,0
2002-04-09,582,582,592,582,0
2002-04-10,582,582,592,582,0
2002-04-11,582,582,592,582,0
2002-04-12,582,582,592,582,0
2002-04-15,582,582,592,582,0
2002-04-16,582,582,592,582,0
2002-04-17,582,582,592,582,0
2002-04-18,582,582,592,582,0
2002-04-19,582,582,592,582,0
2002-04-22,582,582,592,582,0
2002-04-23,582,582,592,582,0
2002-04-24,582,582,592,582,0
2002-04-25,582,582,592,582,0
2002-04-26,582,582,592,582,0
2002-04-29,582,582,592,582,0
2002-04-30,582,582,592,582,0
2002-05-01,582,582,592,582,0
2002-05-02,582,582,592,582,0
2002-05-03,582,582,592,582,0
2002-05-06,582,582,592,582,0
2002-05-07,582,582,592,582,0
2002-05-08,582,582,592,582,0
2002-05-09,582,582,592,582,0
2002-05-10,582,582,592,582,0
2002-05-13,582,582,592,582,0
2002-05-14,582,582,592,582,0
2002-05-15,582,582,592,582,0
2002-05-16,582,582,592,582,0
2002-05-17,582,582,592,582,0
2002-05-20,582,582,592,582,0
2002-05-21,582,582,592,582,0
2002-05-22,582,582,592,582,0
2002-05-23,582,582,592,582,0
2002-05-24,582,582,592,582,0
2002-05-27,582,582,592,582,0
2002-05-28,582,582,592,582,0
2002-05-29,582,582,592,582,0
2002-05-30,582,582,592,582,0
2002-05-31,582,582,592,582,0
2002-06-03,582,582,592,582,0
2002-06-04,582,582,592,582,0
2002-06-05,582,582,592,582,0
2002-06-06,582,582,592,582,0
2002-06-07,582,582,592,582,0
2002-06-10,582,582,592,582,0
2002-06-11,582,582,592,582,0
2002-06-12,582,582,592,582,0
2002-06-13,582,582,592,582,0
2002-06-14,582,582,592,582,0
2002-06-17,582,582,592,582,0
2002-06-18,582,582,592,582,0
2002-06-19,582,582,592,582,0
2002-06-20,582,582,592,582,0
2002-06-21,582,582,592,582,0
2002-06-24,582,582,592,582,0
2002-06-25,582,582,592,582,0
2002-06-26,582,582,592,582,0
2002-06-27,582,582,592,582,0
2002-06-28,582,582,592,582,0
2002-07-01,582,582,592,582,0
2002-07-02,582,582,592,582,0
2002-07-03,582,582,592,582,0
2002-07-04,582,582,592,582,0
2002-07-05,582,582,592,582,0
2002-07-08,582,582,592,582,0
2002-07-09,582,582,592,582,0
2002-07-10,582,582,592,582,0
2002-07-11,582,582,592,582,0
2002-07-12,582,582,592,582,0
2002-07-15,582,582,592,582,0
2002-07-16,582,582,592,582,0
2002-07-17,582,582,592,582,0
2002-07-18,582,582,592,582,0
2002-07-19,582,582,592,582,0
2002-07-22,582,582,592,582,0
2002-07-23,582,582,592,582,0
2002-07-24,582,582,592,582,0
2002-07-25,582,582,592,582,0
2002-07-26,582,582,592,582,0
2002-07-29,582,582,592,582,0
2002-07-30,582,582,592,582,0
2002-07-31,582,582,592,582,0
2002-08-01,582,582,592,582,0
2002-08-02,582,582,592,582,0
2002-08-05,582,582,592,582,0
2002-08-06,582,582,592,582,0
2002-08-07,582,582,592,582,0
2002-08-08,582,582,592,582,0
2002-08-09,582,582,592,582,0
2002-08-12,582,582,592,582,0
2002-08-13,582,582,592,582,0
2002-08-14,582,582,592,582,0
2002-08-15,582,582,592,582,0
2002-08-16,582,582,592,582,0
2002-08-19,582,582,592,582,0
2002-08-20,582,582,592,582,0
2002-08-21,582,582,592,582,0
2002-08-22,582,582,592,582,0
2002-08-23,582,582,592,582,0
2002-08-26,582,582,592,582,0
2002-08-27,582,582,592,582,0
2002-08-28,582,582,592,582,0
2002-08-29,582,582,592,582,0
2002-08-30,582,582,592,582,0
2002-09-02,582,582,592,582,0
2002-09-03,582,582,592,582,0
2002-09-04,582,582,592,582,0
2002-09-05,582,582,592,582,0
2002-09-06,582,582,592,582,0
2002-09-09,582,582,592,582,0
2002-09-10,582,582,592,582,0
2002-09-11,582,582,592,582,0
2002-09-12,582,582,592,582,0
2002-09-13,582,582,592,582,0
2002-09-16,582,582,592,582,0
2002-09-17,582,582,592,582,0
2002-09-18,582,582,592,582,0
2002-09-19,582,582,592,582,0
2002-09-20,582,582,592,582,0
2002-09-23,582,582,592,582,0
2002-09-24,582,582,592,582,0
2002-09-25,582,582,592,582,0
2002-09-26,582,582,592,582,0
2002-09-27,582,582,592,582,0
2002-09-30,582,582,592,582,0
2002-10-01,582,582,592,582,0
2002-10-02,582,582,592,582,0
2002-10-03,582,582,592,582,0
2002-10-04,582,582,592,582,0
2002-10-07,582,582,592,582,0
2002-10-08,582,582,592,582,0
2002-10-09,582,582,592,582,0
2002-10-10,582,582,592,582,0
2002-10-11,582,582,592,582,0
2002-10-14,582,582,592,582,0
2002-10-15,582,582,592,582,0
2002-10-16,582,582,592,582,0
2002-10-17,582,582,592,582,0
2002-10-18,582,582,592,582,0
2002-10-21,582,582,592,582,0
2002-10-22,582,582,592,582,0
2002-10-23,582,582,592,582,0
2002-10-24,582,582,592,582,0
2002-10-25,582,582,592,582,0
2002-10-28,582,582,592,582,0
2002-10-29,582,582,592,582,0
2002-10-30,582,582,592,582,0
2002-10-31,582,582,592,582,0
2002-11-01,582,582,592,582,0
2002-11-04,582,582,592,582,0
2002-11-05,582,582,592,582,0
2002-11-06,582,582,592,582,0
2002-11-07,582,582,592,582,0
2002-11-08,582,582,592,582,0
2002-11-11,582,582,592,582,0
2002-11-12,582,582,592,582,0
2002-11-13,582,582,592,582,0
2002-11-14,582,582,592,582,0
2002-11-15,582,582,592,582,0
2002-11-18,582,582,592,582,0
2002-11-19,582,582,592,582,0
2002-11-20,582,582,592,582,0
2002-11-21,582,582,592,582,0
2002-11-22,582,582,592,582,0
2002-11-25,582,582,592,582,0
2002-11-26,582,582,592,582,0
2002-11-27,582,582,592,582,0
2002-11-28,582,582,592,582,0
2002-11-29,582,582,592,582,0
2002-12-02,582,582,592,582,0
2002-12-03,582,582,592,582,0
2002-12-04,582,582,592,582,0
2002-12-05,582,582,592,582,0
2002-12-06,582,582,592,582,0
2002-12-09,582,582,592,582,0
2002-12-10,582,582,592,582,0
2002-12-11,582,582,592,582,0
2002-12-12,582,582,592,582,0
2002-12-13,582,582,592,582,0
2002-12-16,582,582,592,582,0
2002-12-17,582,582,592,582,0
2002-12-18,582,582,592,582,0
2002-12-19,582,582,592,582,0
2002-12-20,582,582,592,582,0
2002-12-23,582,582,592,582,0
2002-12-24,582,582,592,582,0
2002-12-25,582,582,592,582,0
2002-12-26,582,582,592,582,0
2002-12-27,582,582,592,582,0
2002-12-30,582,582,592,582,0
2002-12-31,582,582,592,582,0
2003-01-01,582,582,592,582,0
2003-01-02,582,582,592,582,0
2003-01-03,582,582,592,582,0
2003-01-06,582,582,592,582,0
2003-01-07,582,582,592,582,0
2003-01-08,582,582,592,582,0
2003-01-09,582,582,592,582,0
2003-01-10,582,582,592,582,0
2003-01-13,582,582,592,582,0
2003-01-14,582,582,592,582,0
2003-01-15,582,582,592,582,0
2003-01-16,582,582,592,582,0
2003-01-17,582,582,592,582,0
2003-01-20,582,582,592,582,0
2003-01-21,582,582,592,582,0
2003-01-22,582,582,592,582,0
2003-01-23,582,582,592,582,0
2003-01-24,582,582,592,582,0
2003-01-27,582,582,592,582,0
2003-01-28,582,582,592,582,0
2003-01-29,582,582,592,582,0
2003-01-30,582,582,592,582,0
2003-01-31,582,582,592,582,0
2003-02-03,582,582,592,582,0
2003-02-04,582,582,592,582,0
2003-02-05,582,582,592,582,0
2003-02-06,582,582,592,582,0
2003-02-07,582,582,592,582,0
2003-02-10,582,582,592,582,0
2003-02-11,582,582,592,582,0
2003-02-12,582,582,592,582,0
2003-02-13,582,582,592,582,0
2003-02-14,582,582,592,582,0
2003-02-17,582,582,592,582,0
2003-02-18,582,582,592,582,0
2003-02-19,582,582,592,582,0
2003-02-20,582,582,592,582,0
2003-02-21,582,582,592,582,0
2003-02-24,582,582,592,582,0
2003-02-25,582,582,592,582,0
2003-02-26,582,582,592,582,0
2003-02-27,582,582,592,582,0
2003-02-28,582,582,592,582,0
2003-03-03,582,582,592,582,0
2003-03-04,582,582,592,582,0
2003-03-05,582,582,592,582,0
2003-03-06,582,582,592,582,0
2003-03-07,582,582,592,582,0
2003-03-10,582,582,592,582,0
2003-03-11,582,582,592,582,0
2003-03-12,582,582,592,582,0
2003-03-13,582,582,592,582,0
2003-03-14,582,582,592,582,0
2003-03-17,582,582,592,582,0
2003-03-18,582,582,592,582,0
2003-03-19,582,582,592,582,0
2003-03-20,582,582,592,582,0
2003-03-21,582,582,592,582,0
2003-03-24,582,582,592,582,0
2003-03-25,582,582,592,582,0
2003-03-26,582,582,592,582,0
2003-03-27,582,582,592,582,0
2003-03-28,582,582,592,582,0
2003-03-31,582,582,592,582,0
2003-04-01,582,582,592,582,0
2003-04-02,582,582,592,582,0
2003-04-03,582,582,592,582,0
2003-04-04,582,582,592,582,0
2003-04-07,582,582,592,582,0
2003-04-08,582,582,592,582,0
2003-04-09,582,582,592,582,0
2003-04-10,582,582,592,582,0
2003-04-11,582,582,592,582,0
2003-04-14,582,582,592,582,0
2003-04-15,582,582,592,582,0
2003-04-16,582,582,592,582,0
2003-04-17,582,582,592,582,0
2003-04-18,582,582,592,582,0
2003-04-21,582,582,592,582,0
2003-04-22,582,582,592,582,0
2003-04-23,582,582,592,582,0
2003-04-24,582,582,592,582,0
2003-04-25,582,582,592,582,0
2003-04-28,582,582,592,582,0
2003-04-29,582,582,592,582,0
2003-04-30,582,582,592,582,0
2003-05-01,582,582,592,582,0
2003-05-02,582,582,592,582,0
2003-05-05,582,582,592,582,0
2003-05-06,582,582,592,582,0
2003-05-07,582,582,592,582,0
2003-05-08,582,582,592,582,0
2003-05-09,582,582,592,582,0
2003-05-12,582,582,592,582,0
2003-05-13,582,582,592,582,0
2003-05-14,582,582,592,582,0
2003-05-15,582,582,592,582,0
2003-05-16,582,582,592,582,0
2003-05-19,582,582,592,582,0
2003-05-20,582,582,592,582,0
2003-05-21,582,582,592,582,0
2003-05-22,582,582,592,582,0
2003-05-23,582,582,592,582,0
2003-05-26,582,582,592,582,0
2003-05-27,582,582,592,582,0
2003-05-28,582,582,592,582,0
2003-05-29,582,582,592,582,0
2003-05-30,582,582,592,582,0
2003-06-02,582,582,592,582,0
2003-06-03,582,582,592,582,0
2003-06-04,582,582,592,582,0
2003-06-05,582,582,592,582,0
2003-06-06,582,582,592,582,0
2003-06-09,582,582,592,582,0
2003-06-10,582,582,592,582,0
2003-06-11,582,582,592,582,0
2003-06-12,582,582,592,582,0
2003-06-13,582,582,592,582,0
2003-06-16,582,582,592,582,0
2003-06-17,582,582,592,582,0
2003-06-18,582,582,592,582,0
2003-06-19,582,582,592,582,0
2003-06-20,582,582,592,582,0
2003-06-23,582,582,592,582,0
2003-06-24,582,582,592,582,0
2003-06-25,582,582,592,582,0
2003-06-26,582,582,592,582,0
2003-06-27,582,582,592,582,0
2003-06-30,582,582,592,582,0
2003-07-01,582,582,592,582,0
2003-07-02,582,582,592,582,0
2003-07-03,582,582,592,582,0
2003-07-04,582,582,592,582,0
2003-07-07,582,582,592,582,0
2003-07-08,582,582,592,582,0
2003-07-09,582,582,592,582,0
2003-07-10,582,582,592,582,0
2003-07-11,582,582,592,582,0
2003-07-14,582,582,592,582,0
2003-07-15,582,582,592,582,0
2003-07-16,582,582,592,582,0
2003-07-17,582,582,592,582,0
2003-07-18,582,582,592,582,0
2003-07-21,582,582,592,582,0
2003-07-22,582,582,592,582,0
2003-07-23,582,582,592,582,0
2003-07-24,582,582,592,582,0
2003-07-25,582,582,592,582,0
2003-07-28,582,582,592,582,0
2003-07-29,582,582,592,582,0
2003-07-30,582,582,592,582,0
2003-07-31,582,582,592,582,0
2003-08-01,582,582,592,582,0
2003-08-04,582,582,592,582,0
2003-08-05,582,582,592,582,0
2003-08-06,582,582,592,582,0
2003-08-07,582,582,592,582,0
2003-08-08,582,582,592,582,0
2003-08-11,582,582,592,582,0
2003-08-12,582,582,592,582,0
2003-08-13,582,582,592,582,0
2003-08-14,582,582,592,582,0
2003-08-15,582,582,592,582,0
2003-08-18,582,582,592,582,0
2003-08-19,582,582,592,582,0
2003-08-20,582,582,592,582,0
2003-08-21,582,582,592,582,0
2003-08-22,582,582,592,582,0
2003-08-25,582,582,592,582,0
2003-08-26,582,582,592,582,0
2003-08-27,582,582,592,582,0
2003-08-28,582,582,592,582,0
2003-08-29,582,582,592,582,0
2003-09-01,582,582,592,582,0
2003-09-02,582,582,592,582,0
2003-09-03,582,582,592,582,0
2003-09-04,582,582,592,582,0
2003-09-05,582,582,592,582,0
2003-09-08,582,582,592,582,0
2003-09-09,582,582,592,582,0
2003-09-10,582,582,592,582,0
2003-09-11,582,582,592,582,0
2003-09-12,582,582,592,582,0
2003-09-15,582,582,592,582,0
2003-09-16,582,582,592,582,0
2003-09-17,582,582,592,582,0
2003-09-18,582,582,592,582,0
2003-09-19,582,582,592,582,0
2003-09-22,582,582,592,582,0
2003-09-23,582,582,592,582,0
2003-09-24,582,582,592,582,0
2003-09-25,582,582,592,582,0
2003-09-26,582,582,592,582,0
2003-09-29,582,582,592,582,0
2003-09-30,582,582,592,582,0
2003-10-01,582,582,592,582,0
2003-10-02,582,582,592,582,0
2003-10-03,582,582,592,582,0
2003-10-06,582,582,592,582,0
2003-10-07,582,582,592,582,0
2003-10-08,582,582,592,582,0
2003-10-09,582,582,592,582,0
2003-10-10,582,582,592,582,0
2003-10-13,582,582,592,582,0
2003-10-14,582,582,592,582,0
2003-10-15,582,582,592,582,0
2003-10-16,582,582,592,582,0
2003-10-17,582,582,592,582,0
2003-10-20,582,582,592,582,0
2003-10-21,582,582,592,582,0
2003-10-22,582,582,592,582,0
2003-10-23,582,582,592,582,0
2003-10-24,582,582,592,582,0
2003-10-27,582,582,592,582,0
2003-10-28,582,582,592,582,0
2003-10-29,582,582,592,582,0
2003-10-30,582,582,592,582,0
2003-10-31,582,582,592,582,0
2003-11-03,582,582,592,582,0
2003-11-04,582,582,592,582,0
2003-11-05,582,582,592,582,0
2003-11-06,582,582,592,582,0
2003-11-07,582,582,592,582,0
2003-11-10,582,582,592,582,0
2003-11-11,582,582,592,582,0
2003-11-12,582,582,592,582,0
2003-11-13,582,582,592,582,0
2003-11-14,582,582,592,582,0
2003-11-17,582,582,592,582,0
2003-11-18,582,582,592,582,0
2003-11-19,582,582,592,582,0
2003-11-20,582,582,592,582,0
2003-11-21,582,582,592,582,0
2003-11-24,582,582,592,582,0
2003-11-25,582,582,592,582,0
2003-11-26,582,582,592,582,0
2003-11-27,582,582,592,582,0
2003-11-28,582,582,592,582,0
2003-12-01,582,582,592,582,0
2003-12-02,582,582,592,582,0
2003-12-03,582,582,592,582,0
2003-12-04,582,582,592,582,0
2003-12-05,582,582,592,582,0
2003-12-08,582,582,592,582,0
2003-12-09,582,582,592,582,0
2003-12-10,582,582,592,582,0
2003-12-11,582,582,592,582,0
2003-12-12,582,582,592,582,0
2003-12-15,582,582,592,582,0
2003-12-16,582,582,592,582,0
2003-12-17,582,582,592,582,0
2003-12-18,582,582,592,582,0
2003-12-19,582,582,592,582,0
2003-12-22,582,582,592,582,0
2003-12-23,582,582,592,582,0
2003-12-24,582,582,592,582,0
2003-12-25,582,582,592,582,0
2003-12-26,582,582,592,582,0
2003-12-29,582,582,592,582,0
2003-12-30,582,582,592,582,0
2003-12-31,582,582,592,582,0
2004-01-01,582,582,592,582,0
2004-01-02,582,582,592,582,0
2004-01-05,582,582,592,582,0
2004-01-06,582,582,592,582,0
2004-01-07,582,582,592,582,0
2004-01-08,582,582,592,582,0
2004-01-09,582,582,592,582,0
2004-01-12,582,582,592,582,0
2004-01-13,582,582,592,582,0
2004-01-14,582,582,592,582,0
2004-01-15,582,582,592,582,0
2004-01-16,582,582,592,582,0
2004-01-19,582,582,592,582,0
2004-01-20,582,582,592,582,0
2004-01-21,582,582,592,582,0
2004-01-22,582,582,592,582,0
2004-01-23,582,582,592,582,0
2004-01-26,582,582,592,582,0
2004-01-27,582,582,592,582,0
2004-01-28,582,582,592,582,0
2004-01-29,582,582,592,582,0
2004-01-30,582,582,592,582,0
2004-02-02,582,582,592,582,0
2004-02-03,582,582,592,582,0
2004-02-04,582,582,592,582,0
2004-02-05,582,582,592,582,0
2004-02-06,582,582,592,582,0
2004-02-09,582,582,592,582,0
2004-02-10,582,582,592,582,0
2004-02-11,582,582,592,582,0
2004-02-12,582,582,592,582,0
2004-02-13,582,582,592,582,0
2004-02-16,582,582,592,582,0
2004-02-17,582,582,592,582,0
2004-02-18,582,582,592,582,0
2004-02-19,582,582,592,582,0
2004-02-20,582,582,592,582,0
2004-02-23,582,582,592,582,0
2004-02-24,582,582,592,582,0
2004-02-25,582,582,592,582,0
2004-02-26,582,582,592,582,0
2004-02-27,582,582,592,582,0
2004-03-01,582,582,592,582,0
2004-03-02,582,582,592,582,0
2004-03-03,582,582,592,582,0
2004-03-04,582,582,592,582,0
2004-03-05,582,582,592,582,0
2004-03-08,582,582,592,582,0
2004-03-09,582,582,592,582,0
2004-03-10,582,582,592,582,0
2004-03-11,582,582,592,582,0
2004-03-12,582,582,592,582,0
2004-03-15,582,582,592,582,0
2004-03-16,582,582,592,582,0
2004-03-17,582,582,592,582,0
2004-03-18,582,582,592,582,0
2004-03-19,582,582,592,582,0
2004-03-22,582,582,592,582,0
2004-03-23,582,582,592,582,0
2004-03-24,582,582,592,582,0
2004-03-25,582,582,592,582,0
2004-03-26,582,582,592,582,0
2004-03-29,582,582,592,582,0
2004-03-30,582,582,592,582,0
2004-03-31,582,582,592,582,0
2004-04-01,582,582,592,582,0
2004-04-02,582,582,592,582,0
2004-04-05,582,582,592,582,0
2004-04-06,582,582,592,582,0
2004-04-07,582,582,592,582,0
2004-04-08,582,582,592,582,0
2004-04-09,582,582,592,582,0
2004-04-12,582,582,592,582,0
2004-04-13,582,582,592,582,0
2004-04-14,582,582,592,582,0
2004-04-15,582,582,592,582,0
2004-04-16,582,582,592,582,0
2004-04-19,582,582,592,582,0
2004-04-20,582,582,592,582,0
2004-04-21,582,582,592,582,0
2004-04-22,582,582,592,582,0
2004-04-23,582,582,592,582,0
2004-04-26,582,582,592,582,0
2004-04-27,582,582,592,582,0
2004-04-28,582,582,592,582,0
2004-04-29,582,582,592,582,0
2004-04-30,582,582,592,582,0
2004-05-03,582,582,592,582,0
2004-05-04,582,582,592,582,0
2004-05-05,582,582,592,582,0
2004-05-06,582,582,592,582,0
2004-05-07,582,582,592,582,0
2004-05-10,582,582,592,582,0
2004-05-11,582,582,592,582,0
2004-05-12,582,582,592,582,0
2004-05-13,582,582,592,582,0
2004-05-14,582,582,592,582,0
2004-05-17,582,582,592,582,0
2004-05-18,582,582,592,582,0
2004-05-19,582,582,592,582,0
2004-05-20,582,582,592,582,0
2004-05-21,582,582,592,582,0
2004-05-24,582,582,592,582,0
2004-05-25,582,582,592,582,0
2004-05-26,582,582,592,582,0
2004-05-27,582,582,592,582,0
2004-05-28,582,582,592,582,0
2004-05-31,582,582,592,582,0
2004-06-01,582,582,592,582,0
2004-06-02,582,582,592,582,0
2004-06-03,582,582,592,582,0
2004-06-04,582,582,592,582,0
2004-06-07,582,582,592,582,0
2004-06-08,582,582,592,582,0
2004-06-09,582,582,592,582,0
2004-06-10,582,582,592,582,0
2004-06-11,582,582,592,582,0
2004-06-14,582,582,592,582,0
2004-06-15,582,582,592,582,0
2004-06-16,582,582,592,582,0
2004-06-17,582,582,592,582,0
2004-06-18,582,582,592,582,0
2004-06-21,582,582,592,582,0
2004-06-22,582,582,592,582,0
2004-06-23,582,582,592,582,0
2004-06-24,582,582,592,582,0
2004-06-25,582,582,592,582,0
2004-06-28,582,582,592,582,0
2004-06-29,582,582,592,582,0
2004-06-30,582,582,592,582,0
2004-07-01,582,582,592,582,0
2004-07-02,582,582,592,582,0
2004-07-05,582,582,592,582,0
2004-07-06,582,582,592,582,0
2004-07-07,582,582,592,582,0
2004-07-08,582,582,592,582,0
2004-07-09,582,582,592,582,0
2004-07-12,582,582,592,582,0
2004-07-13,582,582,592,582,0
2004-07-14,582,582,592,582,0
2004-07-15,582,582,592,582,0
2004-07-16,582,582,592,582,0
2004-07-19,582,582,592,582,0
2004-07-20,582,582,592,582,0
2004-07-21,582,582,592,582,0
2004-07-22,582,582,592,582,0
2004-07-23,582,582,592,582,0
2004-07-26,582,582,592,582,0
2004-07-27,582,582,592,582,0
2004-07-28,582,582,592,582,0
2004-07-29,582,582,592,582,0
2004-07-30,582,582,592,582,0
2004-08-02,582,582,592,582,0
2004-08-03,582,582,592,582,0
2004-08-04,582,582,592,582,0
2004-08-05,582,582,592,582,0
2004-08-06,582,582,592,582,0
2004-08-09,582,582,592,582,0
2004-08-10,582,582,592,582,0
2004-08-11,582,582,592,582,0
2004-08-12,582,582,592,582,0
2004-08-13,582,582,592,582,0
2004-08-16,582,582,592,582,0
2004-08-17,582,582,592,582,0
2004-08-18,582,582,592,582,0
2004-08-19,582,582,592,582,0
2004-08-20,582,582,592,582,0
2004-08-23,582,582,592,582,0
2004-08-24,582,582,592,582,0
2004-08-25,582,582,592,582,0
2004-08-26,582,582,592,582,0
2004-08-27,582,582,592,582,0
2004-08-30,582,582,592,582,0
2004-08-31,582,582,592,582,0
2004-09-01,582,582,592,582,0
2004-09-02,582,582,592,582,0
2004-09-03,582,582,592,582,0
2004-09-06,582,582,592,582,0
2004-09-07,582,582,592,582,0
2004-09-08,582,582,592,582,0
2004-09-09,582,582,592,582,0
2004-09-10,582,582,592,582,0
2004-09-13,582,582,592,582,0
2004-09-14,582,582,592,582,0
2004-09-15,582,582,592,582,0
2004-09-16,582,582,592,582,0
2004-09-17,582,582,592,582,0
2004-09-20,582,582,592,582,0
2004-09-21,582,582,592,582,0
2004-09-22,582,582,592,582,0
2004-09-23,582,582,592,582,0
2004-09-24,582,582,592,582,0
2004-09-27,582,582,592,582,0
2004-09-28,582,582,592,582,0
2004-09-29,582,582,592,582,0
2004-09-30,582,582,592,582,0
2004-10-01,582,582,592,582,0
2004-10-04,582,582,592,582,0
2004-10-05,582,582,592,582,0
2004-10-06,582,582,592,582,0
2004-10-07,582,582,592,582,0
2004-10-08,582,582,592,582,0
2004-10-11,582,582,592,582,0
2004-10-12,582,582,592,582,0
2004-10-13,582,582,592,582,0
2004-10-14,582,582,592,582,0
2004-10-15,582,582,592,582,0
2004-10-18,582,582,592,582,0
2004-10-19,582,582,592,582,0
2004-10-20,582,582,592,582,0
2004-10-21,582,582,592,582,0
2004-10-22,582,582,592,582,0
2004-10-25,582,582,592,582,0
2004-10-26,582,582,592,582,0
2004-10-27,582,582,592,582,0
2004-10-28,582,582,592,582,0
2004-10-29,582,582,592,582,0
2004-11-01,582,582,592,582,0
2004-11-02,582,582,592,582,0
2004-11-03,582,582,592,582,0
2004-11-04,582,582,592,582,0
2004-11-05,582,582,592,582,0
2004-11-08,582,582,592,582,0
2004-11-09,582,582,592,582,0
2004-11-10,582,582,592,582,0
2004-11-11,582,582,592,582,0
2004-11-12,582,582,592,582,0
2004-11-15,582,582,592,582,0
2004-11-16,582,582,592,582,0
2004-11-17,582,582,592,582,0
2004-11-18,582,582,592,582,0
2004-11-19,582,582,592,582,0
2004-11-22,582,582,592,582,0
2004-11-23,582,582,592,582,0
2004-11-24,582,582,592,582,0
2004-11-25,582,582,592,582,0
2004-11-26,582,582,592,582,0
2004-11-29,582,582,592,582,0
2004-11-30,582,582,592,582,0
2004-12-01,582,582,592,582,0
2004-12-02,582,582,592,582,0
2004-12-03,582,582,592,582,0
2004-12-06,582,582,592,582,0
2004-12-07,582,582,592,582,0
2004-12-08,582,582,592,582,0
2004-12-09,582,582,592,582,0
2004-12-10,582,582,592,582,0
2004-12-13,582,582,592,582,0
2004-12-14,582,582,592,582,0
2004-12-15,582,582,592,582,0
2004-12-16,582,582,592,582,0
2004-12-17,582,582,592,582,0
2004-12-20,582,582,592,582,0
2004-12-21,582,582,592,582,0
2004-12-22,582,582,592,582,0
2004-12-23,582,582,592,582,0
2004-12-24,582,582,592,582,0
2004-12-27,582,582,592,582,0
2004-12-28,582,582,592,582,0
2004-12-29,582,582,592,582,0
2004-12-30,582,582,592,582,0
2004-12-31,582,582,592,582,0
2005-01-03,582,582,592,582,0
2005-01-04,582,582,592,582,0
2005-01-05,582,582,592,582,0
2005-01-06,582,582,592,582,0
2005-01-07,582,582,592,582,0
2005-01-10,582,582,592,582,0
2005-01-11,582,582,592,582,0
2005-01-12,582,582,592,582,0
2005-01-13,582,582,592,582,0
2005-01-14,582,582,592,582,0
2005-01-17,582,582,592,582,0
2005-01-18,582,582,592,582,0
2005-01-19,582,582,592,582,0
2005-01-20,582,582,592,582,0
2005-01-21,582,582,592,582,0
2005-01-24,582,582,592,582,0
2005-01-25,582,582,592,582,0
2005-01-26,582,582,592,582,0
2005-01-27,582,582,592,582,0
2005-01-28,582,582,592,582,0
2005-01-31,582,582,592,582,0
2005-02-01,582,582,592,582,0
2005-02-02,582,582,592,582,0
2005-02-03,582,582,592,582,0
2005-02-04,582,582,592,582,0
2005-02-07,582,582,592,582,0
2005-02-08,582,582,592,582,0
2005-02-09,582,582,592,582,0
2005-02-10,582,582,592,582,0
2005-02-11,582,582,592,582,0
2005-02-14,582,582,592,582,0
2005-02-15,582,582,592,582,0
2005-02-16,582,582,592,582,0
2005-02-17,582,582,592,582,0
2005-02-18,582,582,592,582,0
2005-02-21,582,582,592,582,0
2005-02-22,582,582,592,582,0
2005-02-23,582,582,592,582,0
2005-02-24,582,582,592,582,0
2005-02-25,582,582,592,582,0
2005-02-28,582,582,592,582,0
2005-03-01,582,582,592,582,0
2005-03-02,582,582,592,582,0
2005-03-03,582,582,592,582,0
2005-03-04,582,582,592,582,0
2005-03-07,582,582,592,582,0
2005-03-08,582,582,592,582,0
2005-03-09,582,582,592,582,0
2005-03-10,582,582,592,582,0
2005-03-11,582,582,592,582,0
2005-03-14,582,582,592,582,0
2005-03-15,582,582,592,582,0
2005-03-16,582,582,592,582,0
2005-03-17,582,582,592,582,0
2005-03-18,582,582,592,582,0
2005-03-21,582,582,592,582,0
2005-03-22,582,582,592,582,0
2005-03-23,582,582,592,582,0
2005-03-24,582,582,592,582,0
2005-03-25,582,582,592,582,0
2005-03-28,582,582,592,582,0
2005-03-29,582,582,592,582,0
2005-03-30,582,582,592,582,0
2005-03-31,582,582,592,582,0
2005-04-01,582,582,592,582,0
2005-04-04,582,582,592,582,0
2005-04-05,582,582,592,582,0
2005-04-06,582,582,592,582,0
2005-04-07,582,582,592,582,0
2005-04-08,582,582,592,582,0
2005-04-11,582,582,592,582,0
2005-04-12,582,582,592,582,0
2005-04-13,582,582,592,582,0
2005-04-14,582,582,592,582,0
2005-04-15,582,582,592,582,0
2005-04-18,582,582,592,582,0
2005-04-19,582,582,592,582,0
2005-04-20,582,582,592,582,0
2005-04-21,582,582,592,582,0
2005-04-22,582,582,592,582,0
2005-04-25,582,582,592,582,0
2005-04-26,582,582,592,582,0
2005-04-27,582,582,592,582,0
2005-04-28,582,582,592,582,0
2005-04-29,582,582,592,582,0
2005-05-02,582,582,592,582,0
2005-05-03,582,582,592,582,0
2005-05-04,582,582,592,582,0
2005-05-05,582,582,592,582,0
2005-05-06,582,582,592,582,0
2005-05-09,582,582,592,582,0
2005-05-10,582,582,592,582,0
2005-05-11,582,582,592,582,0
2005-05-12,582,582,592,582,0
2005-05-13,582,582,592,582,0
2005-05-16,582,582,592,582,0
2005-05-17,582,582,592,582,0
2005-05-18,582,582,592,582,0
2005-05-19,582,582,592,582,0
2005-05-20,582,582,592,582,0
2005-05-23,582,582,592,582,0
2005-05-24,582,582,592,582,0
2005-05-25,582,582,592,582,0
2005-05-26,582,582,592,582,0
2005-05-27,582,582,592,582,0
2005-05-30,582,582,592,582,0
2005-05-31,582,582,592,582,0
2005-06-01,582,582,592,582,0
2005-06-02,582,582,592,582,0
2005-06-03,582,582,592,582,0
2005-06-06,582,582,592,582,0
2005-06-07,582,582,592,582,0
2005-06-08,582,582,592,582,0
2005-06-09,582,582,592,582,0
2005-06-10,582,582,592,582,0
2005-06-13,582,582,592,582,0
2005-06-14,582,582,592,582,0
2005-06-15,582,582,592,582,0
2005-06-16,582,582,592,582,0
2005-06-17,582,582,592,582,0
2005-06-20,582,582,592,582,0
2005-06-21,582,582,592,582,0
2005-06-22,582,582,592,582,0
2005-06-23,582,582,592,582,0
2005-06-24,582,582,592,582,0
2005-06-27,582,582,592,582,0
2005-06-28,582,582,592,582,0
2005-06-29,582,582,592,582,0
2005-06-30,582,582,592,582,0
2005-07-01,582,582,592,582,0
2005-07-04,582,582,592,582,0
2005-07-05,582,582,592,582,0
2005-07-06,582,582,592,582,0
2005-07-07,582,582,592,582,0
2005-07-08,582,582,592,582,0
2005-07-11,582,582,592,582,0
2005-07-12,582,582,592,582,0
2005-07-13,582,582,592,582,0
2005-07-14,582,582,592,582,0
2005-07-15,582,582,592,582,0
2005-07-18,582,582,592,582,0
2005-07-19,582,582,592,582,0
2005-07-20,582,582,592,582,0
2005-07-21,582,582,592,582,0
2005-07-22,582,582,592,582,0
2005-07-25,582,582,592,582,0
2005-07-26,582,582,592,582,0
2005-07-27,582,582,592,582,0
2005-07-28,582,582,592,582,0
2005-07-29,582,582,592,582,0
2005-08-01,582,582,592,582,0
2005-08-02,582,582,592,582,0
2005-08-03,582,582,592,582,0
2005-08-04,582,582,592,582,0
2005-08-05,582,582,592,582,0
2005-08-08,582,582,592,582,0
2005-08-09,582,582,592,582,0
2005-08-10,582,582,592,582,0
2005-08-11,582,582,592,582,0
2005-08-12,582,582,592,582,0
2005-08-15,582,582,592,582,0
2005-08-16,582,582,592,582,0
2005-08-17,582,582,592,582,0
2005-08-18,582,582,592,582,0
2005-08-19,582,582,592,582,0
2005-08-22,582,582,592,582,0
2005-08-23,582,582,592,582,0
2005-08-24,582,582,592,582,0
2005-08-25,582,582,592,582,0
2005-08-26,582,582,592,582,0
2005-08-29,582,582,592,582,0
2005-08-30,582,582,592,582,0
2005-08-31,582,582,592,582,0
2005-09-01,582,582,592,582,0
2005-09-02,582,582,592,582,0
2005-09-05,582,582,592,582,0
2005-09-06,582,582,592,582,0
2005-09-07,582,582,592,582,0
2005-09-08,582,582,592,582,0
2005-09-09,582,582,592,582,0
2005-09-12,582,582,592,582,0
2005-09-13,582,582,592,582,0
2005-09-14,582,582,592,582,0
2005-09-15,582,582,592,582,0
2005-09-16,582,582,592,582,0
2005-09-19,582,582,592,582,0
2005-09-20,582,582,592,582,0
2005-09-21,582,582,592,582,0
2005-09-22,582,582,592,582,0
2005-09-23,582,582,592,582,0
2005-09-26,582,582,592,582,0
2005-09-27,582,582,592,582,0
2005-09-28,582,582,592,582,0
2005-09-29,582,582,592,582,648602
2005-09-30,612,602,622,612,2918457
2005-10-03,592,592,602,592,577210
2005-10-04,582,582,612,582,877967
2005-10-05,592,582,592,592,274934
2005-10-06,582,582,582,582,1012
2005-10-07,582,582,602,582,111391
2005-10-10,582,582,602,582,0
2005-10-11,582,572,582,582,30379
2005-10-12,562,562,582,562,37974
2005-10-13,572,562,592,572,189365
2005-10-14,572,562,592,572,0
2005-10-17,572,572,572,572,0
2005-10-18,562,553,572,562,1582265
2005-10-19,543,543,553,543,410123
2005-10-20,543,543,543,543,0
2005-10-21,543,543,562,543,527590
2005-10-24,553,553,553,553,37974
2005-10-25,553,553,553,553,0
2005-10-26,543,543,543,543,30885
2005-10-27,553,543,553,553,198985
2005-10-28,553,543,562,553,297212
2005-10-31,562,562,562,562,282023
2005-11-01,562,553,562,562,72910
2005-11-02,562,553,562,562,0
2005-11-03,562,553,562,562,0
2005-11-04,562,553,562,562,0
2005-11-07,562,562,562,562,0
2005-11-08,562,562,562,562,0
2005-11-09,562,562,562,562,0
2005-11-10,533,533,543,533,199998
2005-11-11,503,503,533,503,456198
2005-11-14,483,474,503,483,287086
2005-11-15,478,478,478,478,25822
2005-11-16,474,474,483,474,112404
2005-11-17,503,474,533,503,261263
2005-11-18,503,474,513,503,829360
2005-11-21,523,503,523,523,473413
2005-11-22,562,523,572,562,4502748
2005-11-23,553,543,572,553,1781251
2005-11-24,562,553,562,562,722525
2005-11-25,543,543,553,543,401009
2005-11-28,582,553,582,582,1517962
2005-11-29,553,553,582,553,805056
2005-11-30,572,553,572,572,540755
2005-12-01,582,562,582,582,2278462
2005-12-02,592,582,592,592,1392393
2005-12-05,572,572,602,572,185821
2005-12-06,582,562,582,582,289111
2005-12-07,572,572,582,572,273415
2005-12-08,572,572,572,572,369617
2005-12-09,572,562,582,572,902777
2005-12-12,582,572,592,582,818727
2005-12-13,582,572,582,582,963030
2005-12-14,582,572,582,582,132150
2005-12-15,592,572,602,592,7533609
2005-12-16,582,582,602,582,243036
2005-12-19,602,572,602,602,297212
2005-12-20,602,602,622,602,3272378
2005-12-21,612,602,632,612,957966
2005-12-22,632,612,632,632,548856
2005-12-23,691,632,711,691,4579203
2005-12-26,691,691,691,691,0
2005-12-27,701,691,750,740,12029269
2005-12-28,730,720,760,730,9534606
2005-12-29,730,730,750,740,7756392
2005-12-30,740,740,740,740,0
2006-01-02,730,720,730,730,248099
2006-01-03,730,720,740,730,3164024
2006-01-04,730,711,740,711,4749834
2006-01-05,711,701,720,711,5979191
2006-01-06,720,701,720,720,1747833
2006-01-09,720,701,730,720,3512376
2006-01-10,720,720,720,720,0
2006-01-11,720,711,730,720,5924508
2006-01-12,730,720,740,730,5228818
2006-01-13,740,720,750,740,2523523
2006-01-16,711,701,730,711,3137696
2006-01-17,691,691,711,691,427844
2006-01-18,671,671,691,671,847588
2006-01-19,691,671,691,691,1227838
2006-01-20,681,681,691,681,715437
2006-01-23,661,661,661,661,81012
2006-01-24,661,651,661,651,765057
2006-01-25,671,661,681,671,2938710
2006-01-26,691,671,701,691,9878400
2006-01-27,671,661,691,671,1860744
2006-01-30,691,671,701,691,3053139
2006-01-31,691,691,691,691,0
2006-02-01,691,671,691,671,1779226
2006-02-02,671,661,671,671,1979730
2006-02-03,661,641,671,661,4847049
2006-02-06,661,661,681,661,3099721
2006-02-07,681,661,681,681,5363500
2006-02-08,671,671,720,720,24285372
2006-02-09,720,720,750,720,20984133
2006-02-10,720,711,720,711,2011629
2006-02-13,711,711,760,730,16103666
2006-02-14,740,711,740,720,4169586
2006-02-15,720,711,720,720,4835403
2006-02-16,711,711,720,711,910878
2006-02-17,750,730,770,750,11106745
2006-02-20,740,730,750,740,552906
2006-02-21,730,730,750,730,3212632
2006-02-22,730,711,730,730,1967072
2006-02-23,720,720,730,720,850119
2006-02-24,720,711,730,720,2551371
2006-02-27,720,720,730,720,1027839
2006-02-28,720,720,720,720,212656
2006-03-01,730,720,730,730,1337710
2006-03-02,730,730,740,730,4413635
2006-03-03,740,730,740,740,239491
2006-03-06,730,720,730,730,1015181
2006-03-07,720,720,720,720,572147
2006-03-08,711,701,711,711,592906
2006-03-09,701,701,711,701,408604
2006-03-10,720,711,720,720,1745808
2006-03-13,711,711,720,711,620754
2006-03-14,711,701,711,701,1624796
2006-03-15,701,701,711,701,649614
2006-03-16,720,701,720,720,5760459
2006-03-17,720,711,720,720,2014667
2006-03-20,730,730,750,730,10496623
2006-03-21,730,720,730,720,2465802
2006-03-22,730,720,730,730,5129578
2006-03-23,730,730,809,799,31643287
2006-03-24,780,780,799,780,10441940
2006-03-27,809,780,809,809,6456150
2006-03-28,809,799,819,809,6965513
2006-03-29,809,790,809,809,1938212
2006-03-30,809,809,809,809,0
2006-03-31,809,809,809,809,0
2006-04-03,809,809,809,809,3205037
2006-04-04,809,799,809,809,1638467
2006-04-05,799,799,799,799,1794922
2006-04-06,799,799,799,799,1149864
2006-04-07,780,780,790,780,1004548
2006-04-10,780,780,780,780,0
2006-04-11,770,770,790,770,774170
2006-04-12,780,760,790,780,588855
2006-04-13,780,780,780,780,50632
2006-04-14,780,780,780,780,0
2006-04-17,790,780,790,790,739740
2006-04-18,799,790,799,799,1687074
2006-04-19,809,799,819,809,6280455
2006-04-20,790,780,809,790,4843504
2006-04-21,770,770,799,770,4834391
2006-04-24,770,770,790,780,2492131
2006-04-25,780,780,878,869,19648954
2006-04-26,878,859,908,878,16190754
2006-04-27,908,869,908,908,25019543
2006-04-28,908,878,888,878,2661244
2006-05-01,888,869,888,888,709361
2006-05-02,888,869,878,869,967080
2006-05-03,849,839,869,849,1988338
2006-05-04,849,849,878,849,3489591
2006-05-05,839,819,849,829,729108
2006-05-08,829,819,869,829,2012641
2006-05-09,819,809,829,819,1597455
2006-05-10,819,809,819,819,1424292
2006-05-11,839,819,849,839,3235416
2006-05-12,809,809,829,809,1532645
2006-05-15,780,770,799,780,4269332
2006-05-16,780,720,780,780,2024793
2006-05-17,790,790,819,790,9888020
2006-05-18,770,740,770,770,1719479
2006-05-19,760,760,780,770,571640
2006-05-22,760,711,760,711,70885
2006-05-23,671,671,730,730,1086067
2006-05-24,730,720,740,730,1020751
2006-05-25,730,730,730,730,0
2006-05-26,730,730,730,730,0
2006-05-29,750,740,750,750,521514
2006-05-30,770,750,770,770,28354
2006-05-31,720,720,730,720,293162
2006-06-01,720,701,740,720,439490
2006-06-02,740,720,740,740,1481000
2006-06-05,740,740,740,740,3
2006-06-06,701,701,711,701,40506
2006-06-07,691,691,691,691,121518
2006-06-08,691,671,691,691,3719969
2006-06-09,691,681,701,691,4253636
2006-06-12,681,681,691,681,243036
2006-06-13,671,671,681,671,1058219
2006-06-14,671,661,671,671,2489093
2006-06-15,681,661,681,681,1846567
2006-06-16,691,671,691,691,48100
2006-06-19,691,691,691,691,1012
2006-06-20,671,671,671,671,5063
2006-06-21,661,661,671,661,35442
2006-06-22,661,661,671,661,26328
2006-06-23,651,651,651,651,35442
2006-06-26,641,641,651,641,126581
2006-06-27,641,641,641,641,106834
2006-06-28,641,641,641,641,42531
2006-06-29,641,641,671,671,121518
2006-06-30,691,671,691,691,635437
2006-07-03,681,681,691,681,147846
2006-07-04,691,691,691,691,51645
2006-07-05,681,681,681,681,25316
2006-07-06,671,671,671,671,10126
2006-07-07,671,671,671,671,50632
2006-07-10,681,592,681,681,117467
2006-07-11,681,681,681,681,3
2006-07-12,681,671,681,681,71898
2006-07-13,681,681,681,681,198479
2006-07-14,671,671,681,671,89619
2006-07-17,671,641,661,651,60759
2006-07-18,651,651,661,651,71898
2006-07-19,651,641,661,661,191390
2006-07-20,671,671,691,671,2714408
2006-07-21,661,651,671,661,538223
2006-07-24,641,641,651,641,12658
2006-07-25,641,641,661,641,241010
2006-07-26,641,641,651,641,426831
2006-07-27,641,641,671,661,2483524
2006-07-28,651,641,671,651,2965039
2006-07-31,641,641,641,641,506325
2006-08-01,641,641,651,641,668855
2006-08-02,641,641,651,641,1126573
2006-08-03,632,632,641,632,384300
2006-08-04,622,622,632,622,455692
2006-08-07,622,622,641,622,799487
2006-08-08,622,622,622,622,484553
2006-08-09,632,622,632,632,1081510
2006-08-10,612,612,641,612,355440
2006-08-11,632,622,632,632,65315
2006-08-14,622,622,622,622,77974
2006-08-15,612,592,622,612,661260
2006-08-16,641,612,651,641,6612098
2006-08-17,641,641,641,641,0
2006-08-18,641,641,641,641,0
2006-08-21,641,641,641,641,0
2006-08-22,632,632,651,632,901764
2006-08-23,641,632,651,632,486072
2006-08-24,622,622,632,622,46581
2006-08-25,632,622,632,632,577716
2006-08-28,612,602,622,612,199492
2006-08-29,622,612,622,622,137720
2006-08-30,612,612,622,612,194935
2006-08-31,622,612,622,622,460249
2006-09-01,632,622,641,632,2070869
2006-09-04,632,622,632,632,134176
2006-09-05,622,622,622,622,49619
2006-09-06,641,632,651,641,3530604
2006-09-07,641,632,641,641,2275930
2006-09-08,641,641,691,691,13866722
2006-09-11,681,671,701,681,4767049
2006-09-12,661,661,671,661,1131636
2006-09-13,651,632,671,651,5332614
2006-09-14,651,651,651,651,1813149
2006-09-15,651,651,691,691,7720949
2006-09-18,691,661,691,671,2190868
2006-09-19,681,671,701,681,17581122
2006-09-20,671,651,681,671,13565459
2006-09-21,671,671,701,671,29978996
2006-09-22,661,651,681,661,5550334
2006-09-25,661,651,661,661,1254673
2006-09-26,671,641,671,671,3465794
2006-09-27,681,681,691,681,10832823
2006-09-28,681,671,681,681,4919453
2006-09-29,661,661,671,661,826828
2006-10-02,661,661,671,661,2825799
2006-10-03,661,661,671,661,1913402
2006-10-04,651,651,661,651,6281974
2006-10-05,681,661,691,681,11425223
2006-10-06,720,691,730,720,48840615
2006-10-09,701,691,730,701,16021641
2006-10-10,720,701,730,720,26362823
2006-10-11,720,711,740,720,13169513
2006-10-12,701,691,720,701,7089056
2006-10-13,711,701,711,711,7611583
2006-10-16,681,681,711,681,4980212
2006-10-17,701,691,701,701,3294150
2006-10-18,701,691,701,701,7144752
2006-10-19,711,701,720,711,6440454
2006-10-20,720,711,720,720,6275392
2006-10-23,720,720,720,720,0
2006-10-24,720,720,720,720,0
2006-10-25,720,720,720,720,0
2006-10-26,720,720,720,720,0
2006-10-27,720,720,720,720,0
2006-10-30,720,711,720,720,761006
2006-10-31,711,701,720,711,6620199
2006-11-01,701,701,711,701,3349846
2006-11-02,701,701,711,701,959485
2006-11-03,711,711,730,711,7544748
2006-11-06,711,701,711,711,4138700
2006-11-07,701,691,720,701,4346800
2006-11-08,701,691,701,701,844550
2006-11-09,681,681,701,681,1476950
2006-11-10,681,671,691,681,802018
2006-11-13,681,681,701,681,2335170
2006-11-14,691,681,691,691,1141762
2006-11-15,691,681,701,691,3483516
2006-11-16,681,671,691,681,1840491
2006-11-17,671,671,681,671,552906
2006-11-20,661,651,671,661,2414157
2006-11-21,661,661,661,661,1295685
2006-11-22,661,651,671,661,5621726
2006-11-23,661,651,661,661,4814644
2006-11-24,651,641,661,651,1584290
2006-11-27,641,632,641,641,3502250
2006-11-28,622,612,632,622,3881993
2006-11-29,622,602,622,622,7383737
2006-11-30,612,612,612,612,2933647
2006-12-01,592,592,612,592,1966566
2006-12-04,612,592,632,612,11585222
2006-12-05,622,622,632,622,7884492
2006-12-06,622,622,641,622,8976635
2006-12-07,622,612,632,622,8110820
2006-12-08,632,622,641,632,14299124
2006-12-11,622,622,641,622,5641979
2006-12-12,651,622,651,651,24812456
2006-12-13,641,641,651,641,9740174
2006-12-14,632,632,661,632,10102196
2006-12-15,641,641,651,641,1286065
2006-12-18,641,632,641,641,2107830
2006-12-19,612,592,632,612,15033295
2006-12-20,622,612,622,622,7728544
2006-12-21,622,622,622,622,2362006
2006-12-22,641,622,641,641,4859201
2006-12-25,641,622,641,641,0
2006-12-26,651,641,651,651,6824248
2006-12-27,641,632,641,641,3015165
2006-12-28,641,632,641,641,5507297
2006-12-29,641,622,641,641,5507297
2007-01-01,641,622,641,641,0
2007-01-02,641,622,641,641,4847555
2007-01-03,641,632,661,641,40052332
2007-01-04,641,641,651,641,4087055
2007-01-05,651,632,651,651,5363500
2007-01-08,641,641,671,641,13703686
2007-01-09,651,632,671,651,14500135
2007-01-10,622,602,622,622,7514369
2007-01-11,622,612,622,622,4329585
2007-01-12,612,592,622,612,5506284
2007-01-15,632,612,632,632,2972127
2007-01-16,632,622,632,632,642020
2007-01-17,641,632,651,641,7953859
2007-01-18,641,632,651,641,3325036
2007-01-19,632,622,632,632,1685555
2007-01-22,641,632,641,632,939739
2007-01-23,641,632,641,641,3017190
2007-01-24,632,622,641,632,771639
2007-01-25,632,622,651,632,4165029
2007-01-26,622,612,632,632,1298217
2007-01-29,632,622,632,632,765057
2007-01-30,622,622,622,622,157467
2007-01-31,612,602,622,612,2660737
2007-02-01,622,602,622,622,1992388
2007-02-02,622,622,632,622,4153890
2007-02-05,602,592,632,602,16541131
2007-02-06,602,592,612,602,10504218
2007-02-07,592,592,602,592,6660199
2007-02-08,592,582,602,592,4137687
2007-02-09,592,582,602,592,4787809
2007-02-12,572,572,592,572,2127577
2007-02-13,582,572,592,582,3372630
2007-02-14,582,582,592,582,1568594
2007-02-15,592,572,602,592,3099215
2007-02-16,612,592,622,612,19334020
2007-02-19,612,602,632,612,8871320
2007-02-20,632,602,632,632,9185748
2007-02-21,632,622,641,632,6207038
2007-02-22,622,612,632,622,5908306
2007-02-23,612,612,622,612,1752897
2007-02-26,612,602,612,612,935688
2007-02-27,602,592,612,602,3266302
2007-02-28,582,553,592,582,7075891
2007-03-01,582,582,651,641,34912121
2007-03-02,651,632,661,651,24146639
2007-03-05,641,602,641,602,9219165
2007-03-06,612,612,622,612,2157957
2007-03-07,612,612,632,612,1766567
2007-03-08,641,622,651,641,14680387
2007-03-09,651,641,651,651,11448514
2007-03-12,651,641,661,651,6052609
2007-03-13,661,651,730,701,81422629
2007-03-14,671,671,701,671,25055998
2007-03-15,691,681,701,691,10239410
2007-03-16,681,671,681,681,1583278
2007-03-19,681,671,681,681,0
2007-03-20,671,671,691,671,3790348
2007-03-21,711,681,711,711,21843366
2007-03-22,691,691,730,691,19663637
2007-03-23,691,691,701,691,3162505
2007-03-26,691,691,701,691,2974659
2007-03-27,701,691,701,701,3548831
2007-03-28,681,671,691,681,4214649
2007-03-29,691,681,691,691,2536181
2007-03-30,691,691,701,691,3924525
2007-04-02,701,691,711,701,10882443
2007-04-03,701,691,711,701,3421238
2007-04-04,691,691,691,691,1650619
2007-04-05,691,681,691,691,355440
2007-04-06,691,681,691,691,0
2007-04-09,691,681,691,691,2279981
2007-04-10,681,681,691,681,1093662
2007-04-11,701,671,701,701,1982262
2007-04-12,701,691,711,701,2403018
2007-04-13,711,691,720,711,5333121
2007-04-16,720,701,730,720,15777593
2007-04-17,701,701,730,701,3284023
2007-04-18,711,701,720,711,1204040
2007-04-19,701,691,720,701,3419212
2007-04-20,701,701,720,711,6116406
2007-04-23,701,701,711,701,7875885
2007-04-24,720,711,730,720,10295612
2007-04-25,720,711,730,720,4110852
2007-04-26,750,720,760,750,23677275
2007-04-27,740,740,750,740,3886044
2007-04-30,740,730,760,740,2871369
2007-05-01,740,730,750,740,2868837
2007-05-02,730,720,790,730,4700214
2007-05-03,730,730,740,730,6273366
2007-05-04,750,730,750,750,5531600
2007-05-07,740,740,750,740,2605042
2007-05-08,740,740,740,740,2804534
2007-05-09,730,730,740,730,3593388
2007-05-10,740,730,740,740,812651
2007-05-11,740,720,750,740,5428310
2007-05-14,770,740,780,770,15123927
2007-05-15,780,770,799,780,14356339
2007-05-16,780,770,799,780,4610595
2007-05-17,780,770,799,780,0
2007-05-18,780,770,799,780,0
2007-05-21,790,790,799,790,6636908
2007-05-22,819,799,819,819,2963013
2007-05-23,799,799,819,799,4580722
2007-05-24,790,790,799,790,9134609
2007-05-25,799,770,799,799,374680
2007-05-28,799,790,799,799,1058725
2007-05-29,809,799,829,809,5954888
2007-05-30,829,809,839,829,4797429
2007-05-31,839,839,859,849,6687540
2007-06-01,839,839,859,849,0
2007-06-04,888,859,898,888,10775102
2007-06-05,888,888,908,888,8904231
2007-06-06,888,888,898,888,1129611
2007-06-07,898,888,908,898,3091114
2007-06-08,888,878,898,888,1519481
2007-06-11,888,888,898,888,635437
2007-06-12,928,888,928,928,6692097
2007-06-13,928,908,928,928,1922516
2007-06-14,918,918,928,918,1038472
2007-06-15,908,908,918,908,1288090
2007-06-18,908,898,908,908,1260749
2007-06-19,928,908,928,928,4908314
2007-06-20,928,918,928,928,1671885
2007-06-21,918,918,928,918,1804035
2007-06-22,918,918,928,918,1361001
2007-06-25,928,918,928,928,1916946
2007-06-26,918,898,928,918,6761970
2007-06-27,908,898,908,908,3412124
2007-06-28,928,878,928,898,1995933
2007-06-29,898,888,888,888,1830871
2007-07-02,878,878,888,878,2308842
2007-07-03,888,878,898,888,2607573
2007-07-04,888,888,908,888,1164041
2007-07-05,888,878,888,888,4708822
2007-07-06,888,878,888,888,1344292
2007-07-09,888,888,898,888,364554
2007-07-10,888,888,898,888,2452131
2007-07-11,888,888,898,888,516451
2007-07-12,928,878,928,928,15642404
2007-07-13,918,918,967,918,15925946
2007-07-16,918,918,938,918,1069864
2007-07-17,918,908,928,918,958473
2007-07-18,918,908,918,918,46075
2007-07-19,918,908,918,918,550375
2007-07-20,908,908,918,908,538223
2007-07-23,908,908,918,918,514426
2007-07-24,908,908,928,928,3300226
2007-07-25,908,908,918,918,1066320
2007-07-26,918,898,918,908,1727580
2007-07-27,888,888,908,908,2132640
2007-07-30,888,878,898,898,313921
2007-07-31,898,898,918,918,431388
2007-08-01,888,888,898,888,2570612
2007-08-02,888,888,898,888,615184
2007-08-03,888,888,908,888,607590
2007-08-06,918,908,918,918,0
2007-08-07,888,869,888,888,433920
2007-08-08,888,888,888,888,3
2007-08-09,878,869,888,878,221770
2007-08-10,888,869,888,888,207593
2007-08-13,888,869,888,888,0
2007-08-14,888,888,888,888,2
2007-08-15,849,809,849,849,1012
2007-08-16,770,770,839,819,7594
2007-08-17,770,770,839,819,0
2007-08-20,829,819,849,829,588349
2007-08-21,839,819,839,839,580754
2007-08-22,839,839,839,839,506
2007-08-23,859,829,888,859,11139
2007-08-24,829,819,829,819,1092649
2007-08-27,869,859,869,869,100758
2007-08-28,869,869,869,869,2
2007-08-29,869,869,869,869,2
2007-08-30,869,869,869,869,2
2007-08-31,829,809,829,829,43037
2007-09-03,829,809,829,829,389870
2007-09-04,819,809,829,819,48100
2007-09-05,819,809,819,819,39999
2007-09-06,839,819,839,839,864803
2007-09-07,839,839,888,888,476958
2007-09-10,888,888,888,888,0
2007-09-11,869,829,869,869,44556
2007-09-12,839,809,839,839,104302
2007-09-13,839,839,839,839,3
2007-09-14,839,799,839,839,152910
2007-09-17,839,839,839,839,3
2007-09-18,839,829,839,839,3544
2007-09-19,829,829,849,829,2499726
2007-09-20,849,829,849,849,1855174
2007-09-21,849,839,849,849,4050
2007-09-24,839,839,839,839,108859
2007-09-25,839,839,839,839,47594
2007-09-26,849,839,859,849,1088092
2007-09-27,878,819,878,819,736196
2007-09-28,839,839,839,839,1290622
2007-10-01,859,839,859,859,1565050
2007-10-02,869,839,869,869,1484038
2007-10-03,839,839,869,839,3813133
2007-10-04,839,819,839,839,339237
2007-10-05,839,839,839,839,3
2007-10-08,839,839,839,839,3
2007-10-09,839,829,839,839,5282995
2007-10-10,839,839,839,839,5096161
2007-10-11,839,829,839,839,192403
2007-10-12,839,829,839,839,0
2007-10-15,839,829,839,839,0
2007-10-16,839,829,839,839,0
2007-10-17,839,829,849,839,1361001
2007-10-18,819,809,829,819,252149
2007-10-19,780,780,799,780,544805
2007-10-22,760,760,809,809,63796
2007-10-23,790,780,790,790,786829
2007-10-24,790,780,799,790,523033
2007-10-25,790,790,790,790,101265
2007-10-26,790,790,799,790,44050
2007-10-29,799,799,799,799,54176
2007-10-30,799,780,790,790,28860
2007-10-31,790,790,799,790,217213
2007-11-01,780,780,790,780,435439
2007-11-02,780,780,799,790,67341
2007-11-05,780,780,780,780,3834905
2007-11-06,799,790,799,799,1311381
2007-11-07,790,790,799,799,9344734
2007-11-08,790,780,790,790,4528064
2007-11-09,790,780,790,790,4405533
2007-11-12,770,770,780,780,81518
2007-11-13,790,780,790,790,8982205
2007-11-14,780,780,780,780,6143241
2007-11-15,790,770,790,790,93163
2007-11-16,780,780,780,780,106834
2007-11-19,780,770,790,780,236453
2007-11-20,780,780,780,780,3
2007-11-21,770,770,780,780,329617
2007-11-22,780,770,780,780,1103788
2007-11-23,770,770,770,770,44556
2007-11-26,770,770,780,780,181770
2007-11-27,760,760,770,760,134176
2007-11-28,790,760,790,790,90632
2007-11-29,790,760,790,790,1175686
2007-11-30,780,780,780,780,25316
2007-12-03,780,780,780,780,3
2007-12-04,780,780,780,780,3
2007-12-05,780,780,780,780,3
2007-12-06,790,790,790,790,506
2007-12-07,790,770,790,780,4560469
2007-12-10,780,780,780,780,3
2007-12-11,780,770,790,780,1186825
2007-12-12,770,760,770,770,158479
2007-12-13,770,770,770,770,3
2007-12-14,760,760,790,790,97214
2007-12-17,780,760,780,780,206074
2007-12-18,760,760,760,760,213162
2007-12-19,770,760,770,770,5569
2007-12-20,770,760,770,770,0
2007-12-21,770,760,770,770,0
2007-12-24,770,760,770,770,0
2007-12-25,770,760,770,770,0
2007-12-26,770,770,770,770,0
2007-12-27,770,760,760,760,1155939
2007-12-28,760,760,760,760,3
2007-12-31,760,760,760,760,0
2008-01-01,760,760,760,760,0
2008-01-02,770,770,770,770,5063
2008-01-03,770,770,770,770,3
2008-01-04,770,770,770,770,3
2008-01-07,720,711,750,720,10632
2008-01-08,770,740,780,770,218732
2008-01-09,770,770,770,770,5063
2008-01-10,770,770,770,770,0
2008-01-11,770,770,770,770,0
2008-01-14,750,750,790,790,27341
2008-01-15,790,790,790,790,2
2008-01-16,691,691,691,691,5063
2008-01-17,760,691,780,760,17721
2008-01-18,691,691,740,740,1518
2008-01-21,720,691,720,720,10632
2008-01-22,720,720,720,720,2
2008-01-23,720,720,720,720,2
2008-01-24,720,720,720,720,2
2008-01-25,720,720,720,720,12658
2008-01-28,720,720,720,720,2
2008-01-29,720,720,720,720,2
2008-01-30,720,720,720,720,2
2008-01-31,720,720,720,720,2
2008-02-01,720,720,720,720,2
2008-02-04,711,711,711,711,1012
2008-02-05,691,691,691,691,2025
2008-02-06,691,602,720,691,529109
2008-02-07,691,602,720,691,0
2008-02-08,691,602,720,691,0
2008-02-11,671,641,740,740,818727
2008-02-12,740,740,740,740,2
2008-02-13,671,641,671,671,231896
2008-02-14,661,632,661,661,604045
2008-02-15,661,651,671,671,78480
2008-02-18,651,641,651,651,225314
2008-02-19,641,641,641,641,14177
2008-02-20,641,632,641,641,348351
2008-02-21,651,651,661,651,414680
2008-02-22,661,641,661,641,65822
2008-02-25,661,641,661,641,0
2008-02-26,641,641,641,641,7088
2008-02-27,641,641,641,641,5063
2008-02-28,622,622,641,622,31898
2008-02-29,622,602,651,622,57721
2008-03-03,641,622,641,641,766576
2008-03-04,602,602,641,641,1518
2008-03-05,651,641,651,651,43037
2008-03-06,612,612,651,651,28860
2008-03-07,612,612,651,651,0
2008-03-10,592,592,592,592,5063
2008-03-11,592,592,592,592,1
2008-03-12,641,641,641,641,1012
2008-03-13,641,641,641,641,2
2008-03-14,641,641,641,641,2
2008-03-17,572,572,592,592,10632
2008-03-18,592,592,592,592,2
2008-03-19,592,592,592,592,3
2008-03-20,592,592,592,592,0
2008-03-21,592,592,592,592,0
2008-03-24,592,592,592,592,2
2008-03-25,592,582,602,592,102783
2008-03-26,592,592,592,592,3
2008-03-27,592,592,592,592,2025
2008-03-28,592,592,612,592,511894
2008-03-31,562,562,612,612,47594
2008-04-01,612,592,592,592,25316
2008-04-02,592,592,592,592,2
2008-04-03,543,543,612,612,61771
2008-04-04,572,572,592,592,2531
2008-04-07,592,592,592,592,0
2008-04-08,592,592,592,592,2
2008-04-09,543,523,562,543,20759
2008-04-10,543,533,543,543,97214
2008-04-11,553,553,553,553,10126
2008-04-14,553,553,553,553,2
2008-04-15,553,553,553,553,2
2008-04-16,553,553,553,553,3
2008-04-17,513,513,553,553,2531
2008-04-18,553,553,553,553,2
2008-04-21,533,533,543,533,111897
2008-04-22,543,513,562,543,303795
2008-04-23,562,562,562,562,1012
2008-04-24,562,533,562,562,770626
2008-04-25,533,533,533,533,192403
2008-04-28,553,543,553,553,313921
2008-04-29,553,523,553,523,50632
2008-04-30,543,543,553,553,126074
2008-05-01,543,543,553,553,0
2008-05-02,543,543,553,553,0
2008-05-05,543,543,553,543,409110
2008-05-06,543,543,553,553,211643
2008-05-07,553,553,553,553,0
2008-05-08,572,513,572,553,41012
2008-05-09,553,543,553,543,163036
2008-05-12,543,533,543,543,167593
2008-05-13,543,543,543,543,283035
2008-05-14,543,533,553,533,2562510
2008-05-15,543,533,553,543,3341238
2008-05-16,543,533,543,543,1368090
2008-05-19,543,533,543,543,0
2008-05-20,543,533,543,543,0
2008-05-21,533,523,533,523,465819
2008-05-22,533,533,533,533,1012
2008-05-23,543,533,553,533,7387281
2008-05-26,533,533,533,533,86075
2008-05-27,553,523,553,543,14244441
2008-05-28,543,543,582,562,48021381
2008-05-29,572,553,582,562,29317736
2008-05-30,562,543,562,553,5909825
2008-06-02,562,543,562,553,3276429
2008-06-03,543,533,553,543,1944288
2008-06-04,543,543,562,553,6268303
2008-06-05,562,543,562,553,827335
2008-06-06,572,533,572,543,1783782
2008-06-09,533,533,543,543,657209
2008-06-10,533,523,543,533,385313
2008-06-11,533,523,543,533,128606
2008-06-12,533,523,533,533,120505
2008-06-13,533,523,533,533,459743
2008-06-16,533,523,543,533,212656
2008-06-17,533,523,533,533,268858
2008-06-18,523,513,533,523,412654
2008-06-19,523,513,523,523,54176
2008-06-20,513,513,523,513,1429861
2008-06-23,503,503,513,503,124555
2008-06-24,503,493,513,503,288605
2008-06-25,503,483,503,503,164555
2008-06-26,513,493,513,513,340756
2008-06-27,513,503,513,513,784297
2008-06-30,503,493,503,503,264807
2008-07-01,503,493,513,503,1153408
2008-07-02,503,493,513,503,35949
2008-07-03,493,483,503,493,528603
2008-07-04,503,483,513,503,437971
2008-07-07,493,493,513,493,542274
2008-07-08,503,493,513,503,1190370
2008-07-09,513,503,513,513,13164
2008-07-10,523,493,523,523,3479971
2008-07-11,523,513,523,523,271896
2008-07-14,513,513,513,513,207593
2008-07-15,503,503,503,503,674931
2008-07-16,503,493,503,503,96201
2008-07-17,493,483,513,493,990878
2008-07-18,464,444,474,464,340250
2008-07-21,459,434,464,459,50126
2008-07-22,459,454,464,459,21771
2008-07-23,474,454,483,474,436958
2008-07-24,464,454,469,464,118480
2008-07-25,464,459,474,464,51138
2008-07-28,474,459,493,474,1212648
2008-07-29,478,469,523,513,4601987
2008-07-30,478,469,523,513,0
2008-07-31,513,503,533,513,5019199
2008-08-01,513,503,513,513,391389
2008-08-04,493,483,503,493,546831
2008-08-05,483,474,493,483,399996
2008-08-06,493,483,503,493,703285
2008-08-07,503,493,523,503,908347
2008-08-08,503,493,513,503,258732
2008-08-11,493,483,513,493,928093
2008-08-12,483,464,483,483,459236
2008-08-13,483,469,483,483,113923
2008-08-14,488,474,493,488,302276
2008-08-15,474,474,474,474,102783
2008-08-18,474,474,474,474,0
2008-08-19,483,474,483,483,553919
2008-08-20,488,483,488,488,190884
2008-08-21,493,474,493,493,594425
2008-08-22,493,483,493,493,917460
2008-08-25,493,493,493,493,114429
2008-08-26,483,483,493,483,1640493
2008-08-27,488,483,488,488,1942769
2008-08-28,488,483,488,488,263795
2008-08-29,488,483,488,488,288605
2008-09-01,483,483,483,483,3947309
2008-09-02,478,478,483,478,4037941
2008-09-03,483,474,483,483,76455
2008-09-04,469,469,474,469,641513
2008-09-05,464,454,464,464,144302
2008-09-08,474,464,483,474,79999
2008-09-09,464,454,464,464,1065307
2008-09-10,459,434,459,434,565058
2008-09-11,429,424,439,429,231390
2008-09-12,424,414,424,424,237972
2008-09-15,424,385,424,390,283035
2008-09-16,345,296,390,390,2635927
2008-09-17,390,385,395,390,595438
2008-09-18,390,385,390,390,6075
2008-09-19,390,390,404,390,154935
2008-09-22,414,395,444,414,189871
2008-09-23,385,385,404,404,81518
2008-09-24,404,390,404,404,284048
2008-09-25,395,385,395,395,71391
2008-09-26,395,385,399,395,108353
2008-09-29,395,385,399,395,0
2008-09-30,395,385,399,395,0
2008-10-01,395,385,399,395,0
2008-10-02,395,385,399,395,0
2008-10-03,395,385,399,395,0
2008-10-06,370,365,380,370,127593
2008-10-07,380,370,380,380,799993
2008-10-08,355,345,355,355,361516
2008-10-09,355,355,355,355,0
2008-10-10,355,355,355,355,0
2008-10-13,360,320,360,360,1505304
2008-10-14,360,355,395,390,3545793
2008-10-15,390,355,390,365,1163028
2008-10-16,340,330,350,340,1905300
2008-10-17,335,320,335,335,666830
2008-10-20,306,306,345,340,190884
2008-10-21,325,311,325,325,100758
2008-10-22,325,316,335,325,199492
2008-10-23,311,296,311,311,1414165
2008-10-24,296,281,301,281,3042506
2008-10-27,256,256,261,256,753411
2008-10-28,232,232,251,251,1130117
2008-10-29,251,246,256,251,486578
2008-10-30,266,266,276,266,237972
2008-10-31,251,241,261,251,2498713
2008-11-03,266,266,291,281,2114413
2008-11-04,256,256,320,306,1440494
2008-11-05,311,306,330,311,2907318
2008-11-06,281,281,355,281,12134584
2008-11-07,261,256,281,261,2298715
2008-11-10,256,241,266,256,2011629
2008-11-11,256,256,266,256,1306318
2008-11-12,261,256,261,261,835942
2008-11-13,251,237,256,251,1358469
2008-11-14,246,241,246,246,452654
2008-11-17,237,232,237,237,1325052
2008-11-18,232,222,232,232,616197
2008-11-19,232,217,232,232,2357449
2008-11-20,227,217,227,227,330630
2008-11-21,212,207,222,212,1332141
2008-11-24,212,207,227,227,848094
2008-11-25,251,241,256,251,696196
2008-11-26,256,251,256,256,151391
2008-11-27,271,256,271,271,1047080
2008-11-28,276,271,281,276,286579
2008-12-01,276,261,286,276,601514
2008-12-02,271,256,271,271,557463
2008-12-03,266,261,266,266,73923
2008-12-04,261,261,266,261,353414
2008-12-05,266,261,266,266,35949
2008-12-08,266,261,266,266,0
2008-12-09,281,276,286,281,876954
2008-12-10,296,281,306,296,696703
2008-12-11,301,291,311,301,937207
2008-12-12,301,291,301,301,1075434
2008-12-15,301,296,306,301,398984
2008-12-16,311,306,311,311,263795
2008-12-17,325,316,335,325,891638
2008-12-18,335,325,335,335,236960
2008-12-19,340,335,345,340,517970
2008-12-22,340,335,355,340,608602
2008-12-23,330,330,330,330,717968
2008-12-24,330,320,330,330,694171
2008-12-25,330,320,330,330,0
2008-12-26,330,320,330,330,0
2008-12-29,330,320,330,330,0
2008-12-30,320,320,325,320,100758
2008-12-31,320,320,320,320,0
2009-01-01,320,320,320,320,0
2009-01-02,320,320,320,320,0
2009-01-05,345,320,345,320,102277
2009-01-06,330,330,330,330,759487
2009-01-07,345,330,345,345,672399
2009-01-08,340,335,345,340,177720
2009-01-09,355,340,385,355,2972634
2009-01-12,360,350,365,360,867334
2009-01-13,360,355,360,360,808094
2009-01-14,355,350,355,355,410123
2009-01-15,345,335,345,345,172656
2009-01-16,340,330,340,340,84556
2009-01-19,345,335,345,345,461262
2009-01-20,355,340,355,355,63796
2009-01-21,335,335,335,335,60759
2009-01-22,335,335,335,335,3
2009-01-23,335,335,335,335,3
2009-01-26,335,335,335,335,0
2009-01-27,365,365,365,365,506
2009-01-28,325,325,325,325,25316
2009-01-29,355,355,355,355,506
2009-01-30,355,355,355,355,2
2009-02-02,345,345,350,345,11139
2009-02-03,345,345,360,345,96708
2009-02-04,365,365,365,365,12658
2009-02-05,365,350,385,365,1744795
2009-02-06,345,345,365,365,28354
2009-02-09,345,345,345,345,51138
2009-02-10,360,355,395,360,2587827
2009-02-11,365,350,380,365,4930086
2009-02-12,360,350,375,360,3631362
2009-02-13,360,355,365,360,959992
2009-02-16,355,350,360,355,283035
2009-02-17,350,345,350,350,254681
2009-02-18,350,340,355,350,917967
2009-02-19,350,345,360,350,679488
2009-02-20,340,335,340,340,86581
2009-02-23,340,340,345,340,226833
2009-02-24,345,335,345,345,514932
2009-02-25,340,340,345,340,421768
2009-02-26,330,325,350,350,501768
2009-02-27,350,350,350,350,25316
2009-03-02,340,330,355,340,274934
2009-03-03,340,335,340,340,5063
2009-03-04,350,340,350,350,25822
2009-03-05,350,350,350,350,2
2009-03-06,335,330,355,335,116961
2009-03-09,335,330,355,335,0
2009-03-10,335,325,335,335,51645
2009-03-11,330,325,335,330,381769
2009-03-12,325,316,325,325,139745
2009-03-13,316,316,335,316,130125
2009-03-16,330,320,330,330,430882
2009-03-17,330,320,330,330,233415
2009-03-18,335,325,345,335,1905807
2009-03-19,340,325,360,330,5164515
2009-03-20,335,325,335,335,1180749
2009-03-23,345,330,345,345,1316951
2009-03-24,355,340,355,355,2532131
2009-03-25,350,350,355,350,353921
2009-03-26,350,350,355,350,0
2009-03-27,355,350,365,355,1756441
2009-03-30,345,340,350,345,815689
2009-03-31,345,345,380,380,5605017
2009-04-01,380,365,395,380,2099223
2009-04-02,385,380,434,429,7916391
2009-04-03,429,429,488,478,10304220
2009-04-06,474,459,488,474,4326547
2009-04-07,474,434,478,434,694677
2009-04-08,434,434,483,469,5123502
2009-04-09,469,469,469,469,0
2009-04-10,469,469,469,469,0
2009-04-13,488,478,493,488,1079991
2009-04-14,478,464,488,478,1860744
2009-04-15,483,459,483,483,3525540
2009-04-16,478,478,513,478,1245559
2009-04-17,493,478,493,478,55189
2009-04-20,488,488,488,488,506
2009-04-21,488,488,488,488,0
2009-04-22,478,474,483,478,295693
2009-04-23,483,483,488,483,223289
2009-04-24,483,474,483,483,1399988
2009-04-27,478,474,488,478,2596434
2009-04-28,478,478,493,478,2260234
2009-04-29,483,474,483,483,2145299
2009-04-30,488,488,533,533,9482960
2009-05-01,523,513,533,523,1452646
2009-05-04,543,513,543,543,2187830
2009-05-05,533,523,543,533,831891
2009-05-06,543,523,543,543,1026320
2009-05-07,562,543,572,562,625311
2009-05-08,572,553,572,572,689108
2009-05-11,572,533,572,572,1198471
2009-05-12,572,553,572,572,1238470
2009-05-13,592,562,592,592,1819732
2009-05-14,582,582,592,582,623286
2009-05-15,562,562,592,562,445566
2009-05-18,572,562,572,572,371136
2009-05-19,582,562,602,582,1469861
2009-05-20,562,553,582,562,4260218
2009-05-21,562,562,562,562,0
2009-05-22,553,543,572,553,1973148
2009-05-25,562,553,572,562,1244546
2009-05-26,562,553,572,562,589362
2009-05-27,562,553,572,562,268858
2009-05-28,592,572,612,592,1868845
2009-05-29,632,602,632,632,3849588
2009-06-01,632,632,681,671,4200472
2009-06-02,671,651,671,671,1427330
2009-06-03,651,641,651,651,3065291
2009-06-04,651,622,651,651,183795
2009-06-05,671,651,671,671,1378722
2009-06-08,701,671,701,701,4970592
2009-06-09,711,691,711,711,356452
2009-06-10,720,681,730,720,3781741
2009-06-11,730,691,730,730,3435415
2009-06-12,740,720,750,740,3254150
2009-06-15,750,730,750,750,6618680
2009-06-16,760,730,760,760,5082996
2009-06-17,750,740,770,750,7423230
2009-06-18,760,730,770,760,10454598
2009-06-19,809,809,839,809,23950691
2009-06-22,839,819,839,839,19951736
2009-06-23,839,819,839,839,3404022
2009-06-24,839,829,839,839,979232
2009-06-25,839,829,839,839,3076937
2009-06-26,839,829,839,839,8493095
2009-06-29,849,839,849,849,1549354
2009-06-30,859,839,859,859,4889074
2009-07-01,859,849,859,859,20547681
2009-07-02,859,859,888,869,8856636
2009-07-03,849,839,859,849,529109
2009-07-06,839,829,839,839,1552392
2009-07-07,839,839,839,839,25316
2009-07-08,839,839,839,839,0
2009-07-09,829,829,849,829,2526055
2009-07-10,829,829,839,839,10632
2009-07-13,829,829,829,829,905815
2009-07-14,839,839,839,839,1167079
2009-07-15,829,829,839,829,1824795
2009-07-16,839,839,839,839,6023242
2009-07-17,839,839,839,839,501261
2009-07-20,839,839,839,839,0
2009-07-21,839,839,839,839,4146801
2009-07-22,839,839,849,839,1323027
2009-07-23,849,839,849,849,123543
2009-07-24,859,849,859,859,5775649
2009-07-27,839,839,839,839,22784
2009-07-28,839,839,849,839,16202
2009-07-29,839,839,839,839,506
2009-07-30,849,849,849,849,1225812
2009-07-31,859,849,859,859,646577
2009-08-03,859,849,859,859,7594
2009-08-04,849,849,849,849,208099
2009-08-05,849,849,859,849,804550
2009-08-06,849,849,849,849,24303
2009-08-07,849,849,849,849,20253
2009-08-10,859,849,859,859,32404
2009-08-11,849,849,849,849,6075
2009-08-12,849,849,849,849,506
2009-08-13,849,849,849,849,1012
2009-08-14,849,790,849,790,5569
2009-08-17,849,790,849,790,0
2009-08-18,849,849,859,849,8101
2009-08-19,849,849,849,849,2
2009-08-20,849,849,849,849,2
2009-08-21,819,819,819,819,10126
2009-08-24,819,819,819,819,0
2009-08-25,770,770,780,770,51645
2009-08-26,780,770,780,780,6075
2009-08-27,790,790,790,790,4050
2009-08-28,780,770,780,780,84049
2009-08-31,780,780,780,780,1
2009-09-01,780,780,780,780,0
2009-09-02,780,780,780,780,3
2009-09-03,780,780,780,780,2
2009-09-04,780,780,780,780,2
2009-09-07,770,770,770,770,2025
2009-09-08,780,780,780,780,55189
2009-09-09,780,780,780,780,0
2009-09-10,790,790,790,790,10126
2009-09-11,790,790,790,790,2
2009-09-14,790,790,790,790,15189
2009-09-15,790,790,790,790,0
2009-09-16,790,790,790,790,2
2009-09-17,790,790,790,790,2
2009-09-18,790,790,790,790,0
2009-09-21,790,790,790,790,0
2009-09-22,790,790,790,790,0
2009-09-23,790,790,790,790,0
2009-09-24,790,790,790,790,1
2009-09-25,790,790,790,790,2
2009-09-28,790,790,790,790,2
2009-09-29,790,790,790,790,27847
2009-09-30,790,790,790,790,32911
2009-10-01,790,790,790,790,101265
2009-10-02,790,790,790,790,0
2009-10-05,790,790,790,790,2
2009-10-06,790,790,790,790,2
2009-10-07,790,790,790,790,0
2009-10-08,790,790,790,790,0
2009-10-09,790,790,790,790,0
2009-10-12,790,790,790,790,0
2009-10-13,790,790,790,790,0
2009-10-14,790,790,790,790,8101
2009-10-15,790,790,790,790,2025
2009-10-16,790,790,790,790,2
2009-10-19,790,790,790,790,2
2009-10-20,790,790,790,790,0
2009-10-21,790,790,790,790,506
2009-10-22,790,790,790,790,2
2009-10-23,790,790,790,790,8607
2009-10-26,790,790,790,790,2
2009-10-27,790,790,790,790,2
2009-10-28,790,790,790,790,1012
2009-10-29,819,790,819,819,147846
2009-10-30,790,790,790,790,15189
2009-11-02,790,790,790,790,2
2009-11-03,790,790,790,790,2
2009-11-04,790,790,790,790,2
2009-11-05,790,790,790,790,2
2009-11-06,790,790,790,790,0
2009-11-09,790,790,790,790,1
2009-11-10,790,790,790,790,2
2009-11-11,770,770,790,770,101265
2009-11-12,790,790,790,790,4050
2009-11-13,790,790,790,790,2
2009-11-16,790,790,790,790,2
2009-11-17,790,790,790,790,2
2009-11-18,790,790,790,790,2
2009-11-19,790,790,790,790,2531
2009-11-20,790,790,790,790,53164
2009-11-23,790,780,790,790,1024295
2009-11-24,790,790,790,790,3822753
2009-11-25,790,790,790,790,101265
2009-11-26,790,790,790,790,3
2009-11-27,790,790,790,790,0
2009-11-30,790,790,790,790,2
2009-12-01,790,790,790,790,2
2009-12-02,790,790,790,790,0
2009-12-03,799,799,829,829,8101
2009-12-04,799,799,799,799,20253
2009-12-07,809,799,809,799,7594
2009-12-08,799,799,799,799,10632
2009-12-09,799,799,799,799,0
2009-12-10,799,799,799,799,3
2009-12-11,799,799,799,799,4050
2009-12-14,799,799,799,799,0
2009-12-15,799,799,799,799,159492
2009-12-16,799,799,799,799,3
2009-12-17,799,799,799,799,3
2009-12-18,799,799,799,799,0
2009-12-21,790,790,790,790,101265
2009-12-22,790,790,790,790,10632
2009-12-23,790,790,790,790,50632
2009-12-24,790,790,790,790,0
2009-12-25,790,790,790,790,0
2009-12-28,809,809,809,809,5063
2009-12-29,799,799,809,799,167087
2009-12-30,790,790,799,790,329111
2009-12-31,790,790,799,790,0
2010-01-01,790,790,799,790,0
2010-01-04,790,790,790,790,1277457
2010-01-05,790,790,790,790,2
2010-01-06,790,790,790,790,2
2010-01-07,790,790,790,790,3
2010-01-08,790,790,790,790,1
2010-01-11,799,799,799,799,146834
2010-01-12,799,799,799,799,2
2010-01-13,799,799,799,799,2
2010-01-14,799,799,799,799,2
2010-01-15,799,799,799,799,25316
2010-01-18,799,799,799,799,0
2010-01-19,799,799,799,799,50632
2010-01-20,799,799,799,799,0
2010-01-21,799,799,799,799,0
2010-01-22,790,790,790,790,106328
2010-01-25,780,780,790,780,303795
2010-01-26,780,780,790,790,556957
2010-01-27,790,790,790,790,1
2010-01-28,790,790,790,790,1
2010-01-29,790,790,790,790,1
2010-02-01,790,790,790,790,1
2010-02-02,839,839,888,888,152910
2010-02-03,888,888,888,888,107847
2010-02-04,888,888,898,888,91138
2010-02-05,888,888,888,888,91138
2010-02-08,888,888,888,888,91138
2010-02-09,888,888,888,888,91138
2010-02-10,888,888,888,888,91138
2010-02-11,888,888,888,888,20253
2010-02-12,888,888,888,888,30379
2010-02-15,888,888,888,888,30379
2010-02-16,888,888,888,888,30379
2010-02-17,888,888,888,888,30379
2010-02-18,888,888,888,888,40506
2010-02-19,888,888,888,888,50632
2010-02-22,888,888,888,888,25316
2010-02-23,888,888,888,888,25316
2010-02-24,888,888,888,888,274428
2010-02-25,888,869,888,888,176201
2010-02-26,888,869,888,888,0
2010-03-01,888,888,888,888,176201
2010-03-02,898,898,898,898,50632
2010-03-03,898,898,898,898,17721
2010-03-04,898,898,898,898,25316
2010-03-05,898,898,898,898,25316
2010-03-08,938,908,938,938,25316
2010-03-09,948,948,948,948,2531
2010-03-10,948,948,948,948,2531
2010-03-11,948,948,948,948,2531
2010-03-12,948,948,948,948,2531
2010-03-15,948,948,948,948,2531
2010-03-16,948,948,948,948,0
2010-03-17,948,948,957,948,55695
2010-03-18,938,938,948,938,25316
2010-03-19,938,938,938,938,5063
2010-03-22,987,987,987,987,76961
2010-03-23,987,987,987,987,76961
2010-03-24,987,987,997,987,50632
2010-03-25,987,987,987,987,25316
2010-03-26,997,997,997,997,15189
2010-03-29,1086,1086,1086,1086,5063
2010-03-30,1086,1086,1086,1086,5063
2010-03-31,1086,1086,1086,1086,5063
2010-04-01,1036,1007,1046,1036,61265
2010-04-02,1036,1007,1046,1036,0
2010-04-05,1086,1046,1086,1086,45569
2010-04-06,1086,1086,1086,1086,45569
2010-04-07,1056,1056,1056,1056,25316
2010-04-08,1056,1056,1056,1056,25316
2010-04-09,1036,1036,1036,1036,1518
2010-04-12,1056,1056,1056,1056,3037
2010-04-13,1036,1036,1036,1036,34430
2010-04-14,1036,1036,1036,1036,34430
2010-04-15,1036,1036,1036,1036,50632
2010-04-16,1036,1036,1036,1036,50632
2010-04-19,1036,1036,1036,1036,50632
2010-04-20,1046,1046,1046,1046,101265
2010-04-21,1046,1046,1046,1046,101265
2010-04-22,1086,1086,1086,1086,5063
2010-04-23,1096,1096,1096,1096,506
2010-04-26,1086,1086,1086,1086,10126
2010-04-27,1135,1115,1135,1135,2531
2010-04-28,1155,1135,1175,1155,27847
2010-04-29,1155,1155,1155,1155,27847
2010-04-30,1155,1155,1155,1155,27847
2010-05-03,1155,1155,1155,1155,27847
2010-05-04,1036,1036,1086,1036,149872
2010-05-05,1086,1036,1086,1086,13164
2010-05-06,1036,1036,1036,1036,100252
2010-05-07,1036,1036,1036,1036,50632
2010-05-10,1036,1036,1036,1036,30379
2010-05-11,1036,1036,1036,1036,35442
2010-05-12,1017,1017,1036,1017,30379
2010-05-13,1017,1017,1036,1017,0
2010-05-14,1036,1036,1036,1036,36961
2010-05-17,1036,1036,1036,1036,20253
2010-05-18,1036,1036,1036,1036,2531
2010-05-19,1036,1036,1036,1036,2531
2010-05-20,1036,1036,1036,1036,2531
2010-05-21,1036,1036,1036,1036,2531
2010-05-24,1036,1036,1036,1036,2531
2010-05-25,1036,1036,1036,1036,2531
2010-05-26,1036,1036,1036,1036,2531
2010-05-27,1036,1036,1036,1036,2531
2010-05-28,1036,1036,1036,1036,0
2010-05-31,1036,1036,1036,1036,2531
2010-06-01,1036,1036,1036,1036,2531
2010-06-02,1036,1036,1036,1036,2531
2010-06-03,1036,1036,1036,1036,2531
2010-06-04,1036,1036,1036,1036,2531
2010-06-07,1036,1036,1036,1036,2531
2010-06-08,1036,1036,1036,1036,2531
2010-06-09,1036,1036,1036,1036,2531
2010-06-10,1036,1036,1036,1036,2531
2010-06-11,1036,1036,1036,1036,2531
2010-06-14,1036,1036,1036,1036,2531
2010-06-15,1036,1036,1036,1036,2531
2010-06-16,1036,1036,1036,1036,2531
2010-06-17,1036,1036,1036,1036,2531
2010-06-18,1036,1036,1036,1036,2531
2010-06-21,1036,1036,1036,1036,2531
2010-06-22,1036,1036,1036,1036,2531
2010-06-23,1036,1036,1036,1036,506
2010-06-24,1036,1036,1036,1036,506
2010-06-25,1036,1036,1036,1036,506
2010-06-28,1036,1036,1036,1036,506
2010-06-29,1036,1036,1036,1036,506
2010-06-30,1036,1036,1036,1036,506
2010-07-01,1036,1036,1036,1036,506
2010-07-02,1036,1036,1036,1036,506
2010-07-05,1036,1036,1036,1036,506
2010-07-06,1036,1036,1036,1036,506
2010-07-07,1036,1036,1036,1036,506
2010-07-08,1086,1086,1086,1086,1518
2010-07-09,1086,1086,1086,1086,1518
2010-07-12,1086,1086,1086,1086,0
2010-07-13,1086,1086,1086,1086,1518
2010-07-14,1086,1086,1086,1086,1518
2010-07-15,957,938,1036,957,32911
2010-07-16,957,957,957,957,32911
2010-07-19,957,957,957,957,32911
2010-07-20,957,928,957,957,25822
2010-07-21,957,957,957,957,25822
2010-07-22,957,957,957,957,25822
2010-07-23,957,957,957,957,25822
2010-07-26,957,957,957,957,25822
2010-07-27,957,957,957,957,25822
2010-07-28,957,957,957,957,25822
2010-07-29,1007,987,1007,1007,68860
2010-07-30,997,987,1007,997,56708
2010-08-02,997,997,997,997,56708
2010-08-03,938,938,938,938,506
2010-08-04,938,938,938,938,506
2010-08-05,938,938,938,938,506
2010-08-06,938,938,938,938,506
2010-08-09,938,938,938,938,506
2010-08-10,938,938,938,938,506
2010-08-11,997,997,997,997,10632
2010-08-12,997,997,997,997,10632
2010-08-13,1017,997,1017,1017,21771
2010-08-16,1017,1017,1017,1017,21771
2010-08-17,1017,1017,1017,1017,0
2010-08-18,1017,1017,1017,1017,21771
2010-08-19,1017,1017,1017,1017,21771
2010-08-20,1017,1017,1017,1017,21771
2010-08-23,987,938,987,987,42531
2010-08-24,987,987,987,987,42531
2010-08-25,987,987,987,987,42531
2010-08-26,1017,1017,1017,1017,6075
2010-08-27,1017,1017,1017,1017,6075
2010-08-30,1017,1017,1017,1017,6075
2010-08-31,1017,1017,1017,1017,6075
2010-09-01,1017,1017,1017,1017,6075
2010-09-02,938,938,938,938,53164
2010-09-03,957,957,957,957,12658
2010-09-06,957,957,957,957,12658
2010-09-07,957,957,957,957,12658
2010-09-08,957,957,957,957,0
2010-09-09,957,957,957,957,0
2010-09-10,957,957,957,957,0
2010-09-13,957,957,957,957,0
2010-09-14,957,957,957,957,0
2010-09-15,957,957,957,957,0
2010-09-16,1017,1017,1017,1017,12658
2010-09-17,1027,1027,1036,1027,1518
2010-09-20,928,928,987,928,22278
2010-09-21,928,928,928,928,22278
2010-09-22,948,948,948,948,506
2010-09-23,1027,1027,1027,1027,506
2010-09-24,1017,938,1017,1017,1012
2010-09-27,938,938,938,938,1012
2010-09-28,938,938,938,938,1012
2010-09-29,1036,987,1036,1036,3544
2010-09-30,1027,1027,1036,1027,11645
2010-10-01,1027,1027,1027,1027,11645
2010-10-04,1027,1027,1027,1027,11645
2010-10-05,1027,1027,1027,1027,11645
2010-10-06,1027,1027,1027,1027,11645
2010-10-07,1027,1027,1027,1027,11645
2010-10-08,1027,1027,1027,1027,11645
2010-10-11,1027,1027,1027,1027,11645
2010-10-12,938,938,938,938,506
2010-10-13,938,938,938,938,506
2010-10-14,938,938,938,938,55695
2010-10-15,938,938,938,938,55695
2010-10-18,938,938,938,938,55695
2010-10-19,1076,977,1076,1076,580248
2010-10-20,1046,1036,1046,1046,16202
2010-10-21,1056,1046,1086,1056,69872
2010-10-22,1036,1036,1046,1036,87087
2010-10-25,1036,1036,1036,1036,20759
2010-10-26,1036,1036,1036,1036,20759
2010-10-27,1106,1036,1106,1106,2531
2010-10-28,1135,1106,1135,1135,35442
2010-10-29,1135,1135,1135,1135,35442
2010-11-01,1135,1115,1135,1135,106834
2010-11-02,1135,1135,1135,1135,15189
2010-11-03,1135,1135,1135,1135,15189
2010-11-04,1036,1036,1036,1036,2025
2010-11-05,1036,1036,1036,1036,2025
2010-11-08,1086,1086,1185,1086,3037
2010-11-09,1106,1106,1185,1106,13164
2010-11-10,1106,1106,1106,1106,13164
2010-11-11,1106,1106,1106,1106,13164
2010-11-12,1106,1106,1106,1106,13164
2010-11-15,1106,1106,1106,1106,13164
2010-11-16,1106,1106,1106,1106,13164
2010-11-17,1106,1106,1106,1106,0
2010-11-18,1106,1106,1106,1106,13164
2010-11-19,1106,1106,1106,1106,13164
2010-11-22,1106,1106,1106,1106,13164
2010-11-23,1106,1106,1106,1106,13164
2010-11-24,1135,1135,1382,1135,11645
2010-11-25,1135,1135,1145,1135,10126
2010-11-26,1135,1135,1185,1135,3037
2010-11-29,1135,1135,1135,1135,3037
2010-11-30,1185,1175,1185,1185,10126
2010-12-01,1185,1185,1185,1185,10126
2010-12-02,1185,1185,1185,1185,506
2010-12-03,1185,1185,1185,1185,506
2010-12-06,1185,1185,1185,1185,506
2010-12-07,1185,1185,1185,1185,0
2010-12-08,1185,1185,1185,1185,506
2010-12-09,1185,1185,1185,1185,506
2010-12-10,1224,1224,1224,1224,506
2010-12-13,1224,1224,1224,1224,506
2010-12-14,1185,1185,1224,1185,2025
2010-12-15,1185,1185,1185,1185,2025
2010-12-16,1185,957,1185,1185,16202
2010-12-17,1185,1185,1185,1185,16202
2010-12-20,1185,1185,1185,1185,16202
2010-12-21,1194,1185,1283,1194,253668
2010-12-22,1194,1194,1194,1194,253668
2010-12-23,1214,1135,1214,1214,42024
2010-12-24,1214,1135,1214,1214,0
2010-12-27,1185,1175,1185,1185,336706
2010-12-28,1185,1185,1185,1185,336706
2010-12-29,1135,1135,1185,1135,81518
2010-12-30,1135,1135,1135,1135,81518
2010-12-31,1135,1135,1135,1135,0
2011-01-03,1135,1135,1135,1135,81518
2011-01-04,1135,1135,1135,1135,81518
2011-01-05,1234,1234,1234,1234,506
2011-01-06,1234,1234,1234,1234,506
2011-01-07,1234,1234,1234,1234,506
2011-01-10,1224,987,1224,1224,6075
2011-01-11,987,987,997,987,90125
2011-01-12,987,987,997,987,5569
2011-01-13,987,987,987,987,5569
2011-01-14,1086,1086,1086,1086,506
2011-01-17,987,987,987,987,2531
2011-01-18,987,987,987,987,2531
2011-01-19,987,987,987,987,2531
2011-01-20,987,987,987,987,2531
2011-01-21,987,987,987,987,2531
2011-01-24,987,987,987,987,2531
2011-01-25,1076,1066,1086,1076,39493
2011-01-26,1076,1076,1076,1076,39493
2011-01-27,1027,1027,1036,1027,8101
2011-01-28,1007,1007,1027,1007,5063
2011-01-31,987,967,987,987,25822
2011-02-01,987,987,987,987,15189
2011-02-02,1135,987,1135,1135,6075
2011-02-03,1135,987,1135,1135,0
2011-02-04,987,987,987,987,11139
2011-02-07,987,987,987,987,506
2011-02-08,987,987,987,987,6582
2011-02-09,967,967,967,967,1012
2011-02-10,948,948,948,948,30379
2011-02-11,948,948,948,948,10126
2011-02-14,948,948,948,948,10126
2011-02-15,948,948,948,948,0
2011-02-16,948,948,948,948,10126
2011-02-17,948,948,948,948,10126
2011-02-18,938,938,938,938,1012
2011-02-21,888,888,888,888,1012
2011-02-22,888,888,888,888,1012
2011-02-23,888,888,888,888,1012
2011-02-24,888,888,888,888,1012
2011-02-25,888,888,888,888,1012
2011-02-28,790,790,790,790,50632
2011-03-01,790,790,790,790,50632
2011-03-02,799,799,799,799,506
2011-03-03,799,799,799,799,506
2011-03-04,790,790,809,790,94176
2011-03-07,790,790,799,790,27341
2011-03-08,780,780,780,780,39999
2011-03-09,750,730,780,750,500755
2011-03-10,810,760,930,810,177500
2011-03-11,790,750,790,790,5871500
2011-03-14,780,780,790,780,20500
2011-03-15,780,750,800,780,5914000
2011-03-16,780,750,800,780,271000
2011-03-17,750,740,770,750,206000
2011-03-18,740,730,750,740,572000
2011-03-21,750,720,750,750,7904000
2011-03-22,760,730,770,760,5186000
2011-03-23,760,760,760,760,0
2011-03-24,770,710,770,770,599000
2011-03-25,760,750,760,760,22500
2011-03-28,750,740,750,750,95000
2011-03-29,740,740,770,740,896000
2011-03-30,760,760,780,760,992500
2011-03-31,800,770,810,800,2032500
2011-04-01,830,800,840,830,410000
2011-04-04,850,820,850,850,159500
2011-04-05,840,820,850,840,172000
2011-04-06,840,830,880,840,320000
2011-04-07,830,830,850,830,128000
2011-04-08,830,820,840,830,81500
2011-04-11,820,820,840,820,148000
2011-04-12,810,790,820,810,164000
2011-04-13,790,790,810,790,50500
2011-04-14,790,780,790,790,114500
2011-04-15,810,780,810,810,56000
2011-04-18,800,800,800,800,52500
2011-04-19,820,810,820,820,31000
2011-04-20,810,790,830,810,13000
2011-04-21,800,800,800,800,25000
2011-04-22,800,800,800,800,0
2011-04-25,800,800,810,800,9500
2011-04-26,800,770,800,800,56000
2011-04-27,800,790,800,800,7000
2011-04-28,810,790,810,810,43500
2011-04-29,790,790,810,790,11500
2011-05-02,790,790,800,790,146500
2011-05-03,850,800,860,850,8757000
2011-05-04,860,840,880,860,25642500
2011-05-05,820,820,860,820,538000
2011-05-06,820,810,830,820,202000
2011-05-09,840,810,840,840,78500
2011-05-10,820,810,840,820,65000
2011-05-11,820,800,830,820,223500
2011-05-12,820,810,830,820,517000
2011-05-13,810,810,820,810,232000
2011-05-16,820,810,820,820,222000
2011-05-17,820,810,820,820,0
2011-05-18,820,810,830,820,442000
2011-05-19,800,800,830,800,241000
2011-05-20,810,800,810,810,334500
2011-05-23,790,790,800,790,558000
2011-05-24,800,780,800,800,77000
2011-05-25,760,740,790,760,477000
2011-05-26,760,730,770,760,3298000
2011-05-27,770,760,780,770,203000
2011-05-30,760,760,780,760,17500
2011-05-31,760,760,790,760,200000
2011-06-01,770,760,770,770,107500
2011-06-02,770,760,770,770,0
2011-06-03,760,750,760,760,124000
2011-06-06,760,760,770,760,21000
2011-06-07,760,750,760,760,42500
2011-06-08,750,750,770,750,138000
2011-06-09,750,740,760,750,19500
2011-06-10,750,750,760,750,21500
2011-06-13,770,760,810,770,170500
2011-06-14,770,770,770,770,102000
2011-06-15,790,780,790,790,104500
2011-06-16,780,760,780,780,325500
2011-06-17,780,780,780,780,325500
2011-06-20,790,780,790,790,158000
2011-06-21,810,790,810,810,250500
2011-06-22,810,810,810,810,119000
2011-06-23,810,800,820,810,77000
2011-06-24,810,810,810,810,133000
2011-06-27,810,800,840,810,156500
2011-06-28,800,800,820,800,399000
2011-06-29,800,800,820,800,0
2011-06-30,800,800,800,800,169000
2011-07-01,820,810,820,820,72000
2011-07-04,820,820,820,820,0
2011-07-05,830,830,840,830,52500
2011-07-06,820,810,820,820,32500
2011-07-07,820,810,820,820,85500
2011-07-08,820,800,830,820,260500
2011-07-11,810,810,820,810,30500
2011-07-12,810,810,820,810,114000
2011-07-13,810,810,820,810,115000
2011-07-14,820,820,820,820,246000
2011-07-15,820,820,820,820,82500
2011-07-18,820,820,830,820,168000
2011-07-19,820,820,820,820,96000
2011-07-20,850,830,850,850,56000
2011-07-21,850,840,850,850,3500
2011-07-22,850,830,850,850,149500
2011-07-25,840,830,840,840,60500
2011-07-26,830,830,840,830,85500
2011-07-27,840,830,840,840,236500
2011-07-28,830,830,850,830,133500
2011-07-29,850,820,850,850,216000
2011-08-01,850,840,870,850,156000
2011-08-02,840,820,850,840,180000
2011-08-03,840,820,840,840,141000
2011-08-04,830,820,840,830,118000
2011-08-05,800,800,820,800,515500
2011-08-08,800,770,800,800,279500
2011-08-09,770,760,770,770,172500
2011-08-10,790,790,810,790,196500
2011-08-11,800,790,800,800,9069000
2011-08-12,800,800,840,800,4033000
2011-08-15,820,800,820,820,681000
2011-08-16,800,790,800,800,2141500
2011-08-17,800,790,800,800,0
2011-08-18,800,800,810,800,105500
2011-08-19,790,770,800,790,401000
2011-08-22,800,790,810,800,433500
2011-08-23,800,800,810,800,34000
2011-08-24,810,800,810,810,415500
2011-08-25,830,810,850,830,354000
2011-08-26,820,800,840,820,1295000
2011-08-29,820,800,840,820,0
2011-08-30,820,800,840,820,0
2011-08-31,820,800,840,820,0
2011-09-01,820,800,840,820,0
2011-09-02,820,800,840,820,0
2011-09-05,790,790,820,790,242500
2011-09-06,800,790,800,800,153500
2011-09-07,800,790,820,800,309500
2011-09-08,800,800,800,800,55000
2011-09-09,800,800,800,800,80000
2011-09-12,800,790,800,800,145000
2011-09-13,800,790,800,800,103000
2011-09-14,790,780,800,790,69500
2011-09-15,780,770,780,780,118500
2011-09-16,790,760,790,790,35000
2011-09-19,770,770,770,770,9000
2011-09-20,770,770,770,770,17000
2011-09-21,760,760,770,760,50000
2011-09-22,680,680,760,680,567000
2011-09-23,740,740,740,740,500
2011-09-26,770,700,820,770,35000
2011-09-27,780,760,780,780,12000
2011-09-28,780,780,780,780,12000
2011-09-29,780,780,780,780,12000
2011-09-30,780,780,780,780,12000
2011-10-03,730,730,730,730,1500
2011-10-04,730,730,730,730,1500
2011-10-05,720,720,720,720,8000
2011-10-06,770,770,770,770,500
2011-10-07,770,770,770,770,500
2011-10-10,730,730,730,730,1500
2011-10-11,770,770,770,770,500
2011-10-12,770,770,770,770,500
2011-10-13,730,730,740,730,52500
2011-10-14,750,750,760,750,3000
2011-10-17,750,750,760,750,2500
2011-10-18,780,780,780,780,500
2011-10-19,750,750,750,750,1000
2011-10-20,730,730,730,730,500
2011-10-21,780,780,780,780,500
2011-10-24,750,750,770,750,20000
2011-10-25,750,750,750,750,20000
2011-10-26,720,720,740,720,56500
2011-10-27,760,760,770,760,1500
2011-10-28,760,760,760,760,6000
2011-10-31,760,760,760,760,5000
2011-11-01,750,750,750,750,9500
2011-11-02,760,750,760,760,2500
2011-11-03,760,760,760,760,2500
2011-11-04,750,750,750,750,1500
2011-11-07,750,750,750,750,20500
2011-11-08,750,740,750,750,6000
2011-11-09,750,750,750,750,6000
2011-11-10,740,740,750,740,3000
2011-11-11,740,740,740,740,3000
2011-11-14,740,740,740,740,3000
2011-11-15,740,740,740,740,3000
2011-11-16,740,740,740,740,3000
2011-11-17,740,740,740,740,3000
2011-11-18,780,760,780,780,32500
2011-11-21,780,780,780,780,141000
2011-11-22,780,780,790,780,100000
2011-11-23,750,750,750,750,7500
2011-11-24,750,750,750,750,7500
2011-11-25,750,750,750,750,7500
2011-11-28,750,750,750,750,7500
2011-11-29,760,760,760,760,2500
2011-11-30,760,760,760,760,2500
2011-12-01,760,760,760,760,0
2011-12-02,750,750,750,750,2500
2011-12-05,750,750,750,750,5000
2011-12-06,750,750,750,750,5000
2011-12-07,780,700,780,780,15500
2011-12-08,770,740,770,770,5500
2011-12-09,770,770,770,770,5500
2011-12-12,770,770,770,770,5500
2011-12-13,770,770,770,770,5500
2011-12-14,770,770,770,770,5500
2011-12-15,770,770,770,770,5500
2011-12-16,770,770,770,770,2500
2011-12-19,770,770,770,770,0
2011-12-20,770,770,770,770,2500
2011-12-21,770,770,770,770,2500
2011-12-22,770,770,770,770,2500
2011-12-23,770,770,770,770,2500
2011-12-26,770,770,770,770,0
2011-12-27,760,740,770,760,28000
2011-12-28,760,740,780,760,6000
2011-12-29,740,740,740,740,500
2011-12-30,750,750,770,750,17000
2012-01-02,750,750,750,750,17000
2012-01-03,750,750,750,750,17000
2012-01-04,750,730,750,750,1000
2012-01-05,750,750,750,750,1000
2012-01-06,750,750,750,750,1000
2012-01-09,770,760,770,770,1500
2012-01-10,770,770,770,770,25000
2012-01-11,780,780,780,780,500
2012-01-12,780,780,780,780,500
2012-01-13,730,700,740,730,0
2012-01-16,730,720,730,730,28500
2012-01-17,730,730,730,730,28500
2012-01-18,740,740,740,740,20500
2012-01-19,770,770,770,770,500
2012-01-20,780,770,780,780,4000
2012-01-23,780,770,780,780,0
2012-01-24,800,790,800,800,5000
2012-01-25,800,800,800,800,5000
2012-01-26,800,800,800,800,5000
2012-01-27,800,800,800,800,5000
2012-01-30,800,800,800,800,5000
2012-01-31,800,800,800,800,5000
2012-02-01,800,800,800,800,5000
2012-02-02,800,800,800,800,5000
2012-02-03,750,750,750,750,5000
2012-02-06,750,750,750,750,25000
2012-02-07,750,750,750,750,2000
2012-02-08,790,790,820,790,58000
2012-02-09,750,750,790,750,16000
2012-02-10,750,750,750,750,5000
2012-02-13,790,770,790,790,2500
2012-02-14,790,790,790,790,2500
2012-02-15,800,800,800,800,2500
2012-02-16,800,800,800,800,2500
2012-02-17,790,790,790,790,5500
2012-02-20,790,790,790,790,5500
2012-02-21,790,790,790,790,5500
2012-02-22,780,780,780,780,18000
2012-02-23,780,780,780,780,18000
2012-02-24,740,730,790,740,55500
2012-02-27,790,760,800,790,80500
2012-02-28,750,750,750,750,10000
2012-02-29,750,750,750,750,10000
2012-03-01,750,750,750,750,10000
2012-03-02,750,750,790,750,12500
2012-03-05,750,750,750,750,12500
2012-03-06,780,750,780,780,5500
2012-03-07,740,740,750,740,74500
2012-03-08,740,740,750,740,66000
2012-03-09,740,740,750,750,2
2012-03-12,740,740,750,740,78500
2012-03-13,740,740,740,740,5500
2012-03-14,780,750,780,780,5000
2012-03-15,750,740,800,750,204000
2012-03-16,750,750,750,750,2500
2012-03-19,740,730,750,740,45500
2012-03-20,750,750,760,750,73500
2012-03-21,750,750,750,750,16000
2012-03-22,750,750,750,750,6000
2012-03-23,750,750,750,750,0
2012-03-26,760,750,760,760,45500
2012-03-27,750,750,750,750,1000
2012-03-28,760,750,760,760,5500
2012-03-29,760,760,760,760,5500
2012-03-30,870,750,920,870,1123500
2012-04-02,900,890,930,900,469500
2012-04-03,900,900,900,900,0
2012-04-04,900,880,900,900,278000
2012-04-05,930,890,940,930,173500
2012-04-06,930,890,940,930,0
2012-04-09,920,900,950,920,96500
2012-04-10,920,910,940,920,138000
2012-04-11,920,920,930,920,51000
2012-04-12,950,900,970,950,83500
2012-04-13,950,950,970,950,44000
2012-04-16,940,940,960,940,7500
2012-04-17,950,930,960,950,110500
2012-04-18,980,960,980,980,108000
2012-04-19,1220,1000,1220,1220,1269000
2012-04-20,1270,1190,1330,1270,1016500
2012-04-23,1270,1240,1310,1270,206500
2012-04-24,1280,1250,1280,1280,200500
2012-04-25,1510,1260,1590,1510,1783500
2012-04-26,1480,1460,1560,1480,931000
2012-04-27,1340,1310,1490,1340,237500
2012-04-30,1270,1200,1320,1270,853000
2012-05-01,1150,1100,1210,1150,169000
2012-05-02,1200,1150,1300,1200,435500
2012-05-03,1200,1190,1210,1200,116500
2012-05-04,1230,1200,1240,1230,96500
2012-05-07,1190,1150,1220,1190,459000
2012-05-08,1300,1150,1400,1300,1935500
2012-05-09,1360,1290,1390,1360,2366000
2012-05-10,1380,1360,1440,1380,1888500
2012-05-11,1390,1380,1470,1390,2101500
2012-05-14,1400,1400,1430,1400,1237500
2012-05-15,1370,1330,1400,1370,163500
2012-05-16,1340,1320,1360,1340,84000
2012-05-17,1340,1320,1360,1340,0
2012-05-18,1340,1320,1360,1340,0
2012-05-21,1290,1280,1300,1290,63000
2012-05-22,1340,1310,1360,1340,196500
2012-05-23,1340,1340,1360,1340,910000
2012-05-24,1330,1320,1350,1330,859000
2012-05-25,1310,1310,1350,1310,807500
2012-05-28,1340,1340,1350,1340,954500
2012-05-29,1340,1340,1360,1340,51500
2012-05-30,1330,1330,1350,1330,834500
2012-05-31,1340,1330,1350,1340,834500
2012-06-01,1330,1330,1350,1330,909500
2012-06-04,1250,1210,1310,1250,101500
2012-06-05,1250,1250,1280,1250,146500
2012-06-06,1330,1260,1330,1330,112000
2012-06-07,1340,1300,1380,1340,590500
2012-06-08,1240,1240,1270,1240,949500
2012-06-11,1260,1220,1330,1260,970000
2012-06-12,1260,1260,1280,1260,66500
2012-06-13,1250,1250,1280,1250,49000
2012-06-14,1250,1250,1250,1250,172000
2012-06-15,1250,1250,1260,1250,347500
2012-06-18,1250,1240,1260,1250,819000
2012-06-19,1250,1250,1250,1250,1000
2012-06-20,1210,1200,1220,1210,29000
2012-06-21,1230,1220,1230,1230,5500
2012-06-22,1230,1230,1230,1230,367500
2012-06-25,1230,1230,1240,1230,54000
2012-06-26,1230,1230,1230,1230,54000
2012-06-27,1230,1240,1300,1240,20000
2012-06-28,1240,1250,1250,1250,5000
2012-06-29,1250,1250,1250,1250,5000
2012-07-02,1270,1260,1270,1270,6000
2012-07-03,1260,1250,1260,1260,100500
2012-07-04,1260,1250,1280,1260,36500
2012-07-05,1260,1250,1260,1260,24500
2012-07-06,1260,1250,1260,1260,8000
2012-07-09,1250,1250,1250,1250,7500
2012-07-10,1290,1260,1340,1290,134500
2012-07-11,1290,1290,1300,1290,51000
2012-07-12,1320,1300,1320,1320,27500
2012-07-13,1300,1300,1340,1300,110500
2012-07-16,1300,1300,1310,1300,45500
2012-07-17,1310,1300,1310,1310,47000
2012-07-18,1380,1350,1400,1380,206000
2012-07-19,1400,1400,1410,1400,144000
2012-07-20,1440,1410,1450,1440,65500
2012-07-23,1450,1400,1450,1450,61000
2012-07-24,1450,1450,1450,1450,27500
2012-07-25,1450,1440,1450,1450,60000
2012-07-26,1470,1460,1470,1470,22000
2012-07-27,1500,1470,1520,1500,96500
2012-07-30,1560,1540,1580,1560,77000
2012-07-31,1550,1530,1570,1550,137000
2012-08-01,1620,1540,1630,1620,951500
2012-08-02,1610,1600,1650,1610,246500
2012-08-03,1600,1590,1600,1600,76500
2012-08-06,1620,1600,1620,1620,193000
2012-08-07,1610,1610,1620,1610,428500
2012-08-08,1610,1610,1610,1610,235000
2012-08-09,1610,1610,1620,1610,238500
2012-08-10,1620,1610,1650,1620,687000
2012-08-13,1620,1610,1620,1620,114000
2012-08-14,1620,1610,1620,1620,128500
2012-08-15,1620,1610,1620,1620,118500
2012-08-16,1630,1620,1630,1630,143000
2012-08-17,1630,1620,1630,1630,0
2012-08-20,1630,1620,1630,1630,0
2012-08-21,1630,1620,1630,1630,0
2012-08-22,1630,1620,1630,1630,0
2012-08-23,1640,1630,1640,1640,165000
2012-08-24,1630,1630,1630,1630,10000
2012-08-27,1630,1630,1630,1630,10000
2012-08-28,1630,1620,1630,1630,476000
2012-08-29,1630,1630,1650,1630,2094500
2012-08-30,1640,1610,1640,1640,180500
2012-08-31,1620,1620,1620,1620,5000
2012-09-03,1620,1620,1620,1620,5000
2012-09-04,1630,1620,1630,1630,2500
2012-09-05,1620,1610,1620,1620,32500
2012-09-06,1610,1610,1610,1610,6000
2012-09-07,1650,1630,1650,1650,661000
2012-09-10,1670,1650,1670,1670,424500
2012-09-11,1660,1650,1670,1660,228000
2012-09-12,1660,1650,1660,1660,51000
2012-09-13,1660,1650,1660,1660,193500
2012-09-14,1660,1660,1660,1660,212500
2012-09-17,1650,1650,1650,1650,262000
2012-09-18,1660,1650,1660,1660,231000
2012-09-19,1670,1660,1680,1670,107000
2012-09-20,1690,1650,1690,1690,791000
2012-09-21,1680,1680,1690,1680,136000
2012-09-24,1670,1650,1670,1670,340000
2012-09-25,1610,1610,1650,1610,43000
2012-09-26,1620,1610,1630,1620,171500
2012-09-27,1620,1610,1620,1620,225000
2012-09-28,1610,1610,1610,1610,34000
2012-10-01,1700,1700,1700,1700,500
2012-10-02,1660,1650,1660,1660,3000
2012-10-03,1660,1610,1660,1660,3500
2012-10-04,1660,1640,1660,1660,199000
2012-10-05,1650,1650,1690,1650,1172000
2012-10-08,1640,1640,1640,1640,7000
2012-10-09,1690,1650,1690,1690,1421500
2012-10-10,1680,1650,1680,1680,23500
2012-10-11,1680,1680,1680,1680,23500
2012-10-12,1640,1640,1640,1640,34500
2012-10-15,1660,1650,1690,1660,222500
2012-10-16,1660,1660,1660,1660,222500
2012-10-17,1700,1630,1700,1700,75500
2012-10-18,1690,1660,1690,1690,332500
2012-10-19,1680,1660,1680,1680,181000
2012-10-22,1660,1630,1660,1660,26000
2012-10-23,1670,1660,1700,1670,146500
2012-10-24,1660,1660,1660,1660,1440500
2012-10-25,1680,1680,1690,1680,199000
2012-10-26,1680,1680,1690,1680,0
2012-10-29,1680,1680,1680,1680,170000
2012-10-30,1690,1640,1690,1690,1258500
2012-10-31,1700,1700,1720,1700,1021500
2012-11-01,1710,1700,1710,1710,219500
2012-11-02,1720,1720,1720,1720,18500
2012-11-05,1690,1630,1690,1690,452500
2012-11-06,1690,1690,1690,1690,452500
2012-11-07,1690,1690,1690,1690,452500
2012-11-08,1690,1690,1690,1690,452500
2012-11-09,1690,1690,1690,1690,452500
2012-11-12,1660,1660,1660,1660,18500
2012-11-13,1660,1660,1660,1660,18500
2012-11-14,1650,1650,1660,1650,13000
2012-11-15,1650,1650,1660,1650,0
2012-11-16,1650,1650,1660,1650,0
2012-11-19,1660,1660,1670,1660,5500
2012-11-20,1660,1650,1680,1660,112500
2012-11-21,1650,1650,1660,1650,30000
2012-11-22,1660,1650,1660,1660,12500
2012-11-23,1650,1650,1650,1650,1000
2012-11-26,1660,1650,1660,1660,205500
2012-11-27,1660,1660,1660,1660,500
2012-11-28,1710,1650,1710,1710,12500
2012-11-29,1650,1650,1650,1650,24500
2012-11-30,1650,1650,1650,1650,11500
2012-12-03,1680,1680,1680,1680,238500
2012-12-04,1660,1660,1680,1660,2500
2012-12-05,1660,1660,1660,1660,2500
2012-12-06,1680,1680,1680,1680,101000
2012-12-07,1680,1680,1680,1680,101000
2012-12-10,1680,1660,1680,1680,400500
2012-12-11,1660,1660,1700,1660,442000
2012-12-12,1690,1680,1720,1690,144000
2012-12-13,1750,1700,1750,1750,139000
2012-12-14,1700,1700,1700,1700,227500
2012-12-17,1700,1700,1700,1700,139000
2012-12-18,1700,1700,1700,1700,2500
2012-12-19,1700,1700,1700,1700,139000
2012-12-20,1700,1700,1700,1700,139000
2012-12-21,1700,1700,1700,1700,139000
2012-12-24,1700,1700,1700,1700,0
2012-12-25,1700,1700,1700,1700,0
2012-12-26,1700,1700,1700,1700,3
2012-12-27,1740,1740,1740,1740,85000
2012-12-28,1750,1750,1750,1750,5000
2012-12-31,1750,1750,1750,1750,0
2013-01-01,1750,1750,1750,1750,0
2013-01-02,1750,1750,1750,1750,85000
2013-01-03,1840,1760,1840,1840,61500
2013-01-04,1750,1700,1900,1750,27500
2013-01-07,1750,1750,1750,1750,61500
2013-01-08,1750,1750,1750,1750,61500
2013-01-09,1800,1800,1800,1800,5000
2013-01-10,1750,1750,1750,1750,205000
2013-01-11,1800,1800,1800,1800,2500
2013-01-14,1800,1800,1800,1800,2500
2013-01-15,1800,1800,1800,1800,2500
2013-01-16,1800,1800,1800,1800,2500
2013-01-17,1800,1800,1800,1800,2500
2013-01-18,1800,1800,1800,1800,2500
2013-01-21,1800,1800,1800,1800,3000
2013-01-22,1800,1800,1800,1800,0
2013-01-23,1800,1800,1800,1800,3000
2013-01-24,1800,1800,1800,1800,0
2013-01-25,1800,1800,1800,1800,3000
2013-01-28,1800,1800,1800,1800,3000
2013-01-29,1750,1700,1750,1750,7000
2013-01-30,1750,1750,1750,1750,7000
2013-01-31,1750,1750,1750,1750,7000
2013-02-01,1750,1750,1750,1750,7000
2013-02-04,1750,1750,1850,1750,104000
2013-02-05,1950,1850,1950,1950,43000
2013-02-06,1950,1860,1950,1950,6500
2013-02-07,1950,1850,1950,1950,16500
2013-02-08,1970,1900,2000,1970,14500
2013-02-11,1970,1970,1970,1970,14500
2013-02-12,1950,1950,1990,1950,2000
2013-02-13,2000,1980,2000,2000,1500
2013-02-14,1970,1950,1970,1970,1000
2013-02-15,1970,1970,1970,1970,1000
2013-02-18,1970,1970,1970,1970,1000
2013-02-19,2025,2000,2025,2025,29000
2013-02-20,2100,2075,2100,2100,7500
2013-02-21,2225,2125,2225,2225,8500
2013-02-22,2275,2050,2275,2275,3000
2013-02-25,2275,2275,2275,2275,8500
2013-02-26,2275,2050,2275,2275,1500
2013-02-27,2300,2200,2300,2300,4000
2013-02-28,2300,2300,2300,2300,4000
2013-03-01,2325,2325,2325,2325,500
2013-03-04,2325,2325,2325,2325,0
2013-03-05,2350,2350,2350,2350,500
2013-03-06,2350,2350,2350,2350,500
2013-03-07,2400,2375,2400,2400,1000
2013-03-08,2375,2300,2375,2375,15500
2013-03-11,2400,2300,2400,2400,41500
2013-03-12,2400,2300,2400,2400,0
2013-03-13,2500,2500,2500,2500,1000
2013-03-14,2300,2300,2325,2300,74000
2013-03-15,2375,2300,2400,2375,80000
2013-03-18,2375,2375,2375,2375,5000
2013-03-19,2375,2375,2375,2375,5000
2013-03-20,2400,2375,2450,2400,36000
2013-03-21,2450,2350,2450,2450,15000
2013-03-22,2450,2350,2450,2450,33500
2013-03-25,2500,2450,2500,2500,4000
2013-03-26,2500,2500,2500,2500,4000
2013-03-27,2500,2475,2500,2500,101000
2013-03-28,2500,2500,2500,2500,5500
2013-03-29,2500,2500,2500,2500,0
2013-04-01,2500,2400,2500,2500,9500
2013-04-02,2400,2400,2450,2400,176000
2013-04-03,2475,2400,2500,2475,176000
2013-04-04,3000,2475,3050,3000,638000
2013-04-05,2975,2850,3100,2975,100000
2013-04-08,2825,2700,2950,2825,40500
2013-04-09,2700,2600,2800,2700,29500
2013-04-10,2750,2625,2750,2750,14000
2013-04-11,2650,2650,2725,2650,11000
2013-04-12,2650,2625,2700,2650,94000
2013-04-15,2675,2550,2675,2675,5500
2013-04-16,2675,2600,2675,2675,6000
2013-04-17,2700,2625,2800,2700,105500
2013-04-18,2700,2575,2700,2700,4000
2013-04-19,2600,2600,2700,2600,43000
2013-04-22,2600,2600,2700,2700,4000
2013-04-23,2700,2675,2800,2750,3
2013-04-24,2625,2600,2725,2725,2000
2013-04-25,2675,2675,2675,2675,11000
2013-04-26,2675,2675,2750,2750,148500
2013-04-29,2750,2750,2750,2750,148500
2013-04-30,2900,2650,2900,2650,3
2013-05-01,2650,2650,2725,2725,152500
2013-05-02,2700,2700,2700,2700,19000
2013-05-03,2750,2700,2750,2700,11500
2013-05-06,2750,2750,2750,2750,5500
2013-05-07,2800,2800,2850,2825,16500
2013-05-08,2725,2700,2800,2800,34500
2013-05-09,2725,2700,2800,2800,0
2013-05-10,2750,2750,2900,2800,299000
2013-05-13,2800,2800,2825,2800,337000
2013-05-14,2800,2800,2800,2800,21500
2013-05-15,2800,2800,2800,2800,56500
2013-05-16,2800,2800,2800,2800,2500
2013-05-17,2800,2800,2950,2800,124000
2013-05-20,2800,2800,2900,2800,85000
2013-05-21,2800,2800,2850,2850,61000
2013-05-22,2900,2875,2925,2875,9000
2013-05-23,2850,2800,2850,2825,42000
2013-05-24,2800,2800,2875,2875,3500
2013-05-27,3100,2800,3100,2875,3
2013-05-28,2900,2900,3000,3000,207000
2013-05-29,3075,3000,3075,3050,14500
2013-05-30,3025,3025,3200,3150,84500
2013-05-31,3300,3175,3350,3350,71500
2013-06-03,3350,3225,3425,3425,56500
2013-06-04,3425,3300,3800,3450,180500
2013-06-05,3450,3450,3550,3550,29000
2013-06-06,3450,3450,3550,3550,0
2013-06-07,3550,3500,3600,3600,74500
2013-06-10,3550,3550,3725,3650,38000
2013-06-11,3600,3550,3650,3650,102000
2013-06-12,3675,3675,3675,3675,1000
2013-06-13,3400,3350,3500,3500,121000
2013-06-14,3500,3350,3525,3350,221500
2013-06-17,3350,3350,3500,3500,42000
2013-06-18,3500,3450,3500,3450,3000
2013-06-19,3450,3450,3450,3450,3000
2013-06-20,3450,3450,3450,3450,3000
2013-06-21,3325,3300,3325,3325,250000
2013-06-24,3325,3325,3350,3350,39500
2013-06-25,3350,3350,3375,3375,14500
2013-06-26,3375,3375,3400,3400,7500
2013-06-27,3400,3400,3500,3500,5500
2013-06-28,3500,3500,3500,3500,55000
2013-07-01,3500,3500,3500,3500,55000
2013-07-02,3500,3500,3500,3500,55000
2013-07-03,3375,3350,3475,3350,578000
2013-07-04,3350,3350,3350,3350,578000
2013-07-05,3350,3350,3350,3350,578000
2013-07-08,3350,3350,3350,3350,10500
2013-07-09,3500,3350,3500,3425,79500
2013-07-10,3425,3425,3425,3425,79500
2013-07-11,3475,3475,3525,3500,15000
2013-07-12,3500,3500,3500,3500,15000
2013-07-15,3500,3500,3500,3500,15000
2013-07-16,3500,3500,3500,3500,15000
2013-07-17,3500,3500,3500,3500,50000
2013-07-18,3500,3500,3500,3500,50000
2013-07-19,3500,3500,3500,3500,31500
2013-07-22,3500,3500,3500,3500,1000
2013-07-23,3675,3675,3700,3700,1000
2013-07-24,3700,3700,3700,3700,500
2013-07-25,3500,3500,3650,3650,2000
2013-07-26,3650,3650,3650,3650,2000
2013-07-29,3500,3500,3675,3500,404000
2013-07-30,3500,3500,3500,3500,404000
2013-07-31,3500,3500,3550,3550,30000
2013-08-01,3550,3550,3550,3550,30000
2013-08-02,3500,3500,3500,3500,175000
2013-08-05,3500,3500,3500,3500,0
2013-08-06,3500,3500,3500,3500,0
2013-08-07,3500,3500,3500,3500,0
2013-08-08,3500,3500,3500,3500,0
2013-08-09,3500,3500,3500,3500,0
2013-08-12,3500,3500,3500,3500,175000
2013-08-13,3500,3500,3500,3500,175000
2013-08-14,3500,3500,3500,3500,175000
2013-08-15,3550,3550,3550,3550,6500
2013-08-16,3500,3500,3500,3500,20000
2013-08-19,3500,3500,3500,3500,12000
2013-08-20,3350,3350,3600,3600,6000
2013-08-21,3525,3500,3525,3500,2000
2013-08-22,3500,3350,3500,3400,70000
2013-08-23,3400,3350,3475,3475,30000
2013-08-26,3475,3475,3475,3475,30000
2013-08-27,3300,3300,3350,3300,786500
2013-08-28,3300,3300,3400,3400,47500
2013-08-29,3400,3400,3400,3400,47500
2013-08-30,3400,3400,3400,3400,47500
2013-09-02,3300,3300,3500,3500,5000
2013-09-03,3300,3300,3300,3300,1000
2013-09-04,3300,3300,3300,3300,1000
2013-09-05,3400,3400,3400,3400,37500
2013-09-06,3425,3425,3500,3500,6500
2013-09-09,3500,3500,3500,3500,6500
2013-09-10,3500,3500,3500,3500,4000
2013-09-11,3500,3500,3500,3500,4000
2013-09-12,3400,3400,3400,3400,7500
2013-09-13,3500,3500,3500,3500,2500
2013-09-16,3425,3425,3425,3425,6000
2013-09-17,3425,3425,3425,3425,6000
2013-09-18,3400,3400,3400,3400,2500
2013-09-19,3425,3400,3425,3400,14500
2013-09-20,3500,3500,3500,3500,2000
2013-09-23,3400,3400,3400,3400,4500
2013-09-24,3400,3400,3400,3400,2000
2013-09-25,3400,3400,3400,3400,2000
2013-09-26,3400,3400,3400,3400,2000
2013-09-27,3400,3400,3400,3400,2000
2013-09-30,3400,3400,3400,3400,1500
2013-10-01,3400,3400,3400,3400,100000
2013-10-02,3400,3400,3400,3400,100000
2013-10-03,3400,3400,3400,3400,100000
2013-10-04,3400,3400,3400,3400,100000
2013-10-07,3400,3400,3400,3400,100000
2013-10-08,3400,3400,3400,3400,100000
2013-10-09,3400,3400,3400,3400,100000
2013-10-10,3400,3400,3400,3400,100000
2013-10-11,3400,3400,3400,3400,100000
2013-10-14,3400,3400,3400,3400,0
2013-10-15,3400,3400,3400,3400,0
2013-10-16,3400,3400,3400,3400,100000
2013-10-17,3400,3400,3400,3400,100000
2013-10-18,3400,3400,3400,3400,100000
2013-10-21,3400,3400,3400,3400,100000
2013-10-22,3400,3400,3400,3400,100000
2013-10-23,3400,3400,3400,3400,100000
2013-10-24,3400,3400,3400,3400,100000
2013-10-25,3400,3400,3400,3400,100000
2013-10-28,3200,3200,3550,3550,2000
2013-10-29,3550,3550,3550,3550,2000
2013-10-30,3225,3225,3550,3550,4000
2013-10-31,3550,3550,3550,3550,4000
2013-11-01,3550,3550,3550,3550,4000
2013-11-04,3500,3400,3675,3675,5000
2013-11-05,3500,3400,3675,3675,0
2013-11-06,3600,3600,3750,3675,949000
2013-11-07,3675,3675,3675,3675,949000
2013-11-08,3625,3625,3625,3625,63500
2013-11-11,3625,3625,3625,3625,63500
2013-11-12,3625,3625,3625,3625,780000
2013-11-13,3625,3625,3625,3625,16500
2013-11-14,3700,3700,3700,3700,3000
2013-11-15,3700,3700,3700,3700,3000
2013-11-18,3700,3700,3700,3700,3000
2013-11-19,3650,3650,3650,3650,800000
2013-11-20,3500,3500,3675,3675,1000
2013-11-21,3850,3850,3925,3925,5000
2013-11-22,3900,3900,3900,3900,500
2013-11-25,3900,3900,3900,3900,500
2013-11-26,3900,3900,3900,3900,500
2013-11-27,3850,3850,3850,3850,1000
2013-11-28,3850,3850,3850,3850,1000
2013-11-29,3825,3825,3825,3825,500
2013-12-02,3825,3825,3825,3825,500
2013-12-03,3825,3825,3825,3825,500
2013-12-04,3825,3825,3825,3825,500
2013-12-05,3825,3825,3825,3825,500
2013-12-06,3825,3825,3825,3825,500
2013-12-09,3850,3800,3875,3825,215500
2013-12-10,3825,3825,3825,3825,215500
2013-12-11,3825,3825,3825,3825,215500
2013-12-12,3825,3825,3875,3825,213500
2013-12-13,3825,3825,3825,3825,213500
2013-12-16,3825,3825,3825,3825,213500
2013-12-17,3900,3900,3900,3900,500
2013-12-18,3950,3950,3950,3950,80500
2013-12-19,4000,4000,4000,4000,1000
2013-12-20,4000,4000,4000,4000,1000
2013-12-23,4000,4000,4000,4000,1000
2013-12-24,4000,4000,4000,4000,1000
2013-12-25,4000,4000,4000,4000,0
2013-12-26,4000,4000,4000,4000,0
2013-12-27,4000,4000,4000,4000,1000
2013-12-30,4000,4000,4000,4000,1000
2013-12-31,4000,4000,4000,4000,0
2014-01-01,4000,4000,4000,4000,0
2014-01-02,4000,4000,4000,4000,1000
2014-01-03,4000,4000,4000,4000,1000
2014-01-06,3200,3200,3600,3600,600
2014-01-07,3700,3700,3700,3700,700
2014-01-08,3710,3710,3710,3710,500
2014-01-09,3710,3710,3710,3710,500
2014-01-10,3710,3710,3710,3710,900
2014-01-13,3710,3710,3710,3710,900
2014-01-14,3710,3710,3710,3710,0
2014-01-15,3710,3710,3710,3710,900
2014-01-16,3710,3710,3710,3710,900
2014-01-17,3710,3710,3710,3710,900
2014-01-20,3710,3710,3710,3710,0
2014-01-21,3500,3250,3500,3375,3100
2014-01-22,3550,3550,3800,3775,6500
2014-01-23,3775,3775,3775,3775,0
2014-01-24,3750,3720,3750,3750,1700
2014-01-27,3750,3750,3750,3750,0
2014-01-28,3750,3750,3750,3750,0
2014-01-29,3750,3750,3750,3750,0
2014-01-30,3750,3750,3750,3750,0
2014-01-31,3750,3750,3750,3750,0
2014-02-03,3750,3750,3750,3750,0
2014-02-04,3750,3750,3750,3750,0
2014-02-05,3750,3750,3750,3750,0
2014-02-06,3750,3750,3750,3750,0
2014-02-07,3750,3750,3750,3750,0
2014-02-10,3500,3500,3750,3750,600
2014-02-11,3750,3750,3750,3750,88300
2014-02-12,3750,3750,3750,3750,0
2014-02-13,3750,3750,3750,3750,0
2014-02-14,3600,3600,3700,3700,3000
2014-02-17,3700,3700,3700,3700,0
2014-02-18,3700,3700,3700,3700,0
2014-02-19,3700,3700,3700,3700,0
2014-02-20,3500,3500,3700,3700,2500
2014-02-21,3700,3700,3700,3700,0
2014-02-24,3700,3700,3700,3700,0
2014-02-25,3700,3700,3700,3700,0
2014-02-26,3700,3700,3700,3700,0
2014-02-27,3700,3700,3700,3700,0
2014-02-28,3700,3700,3700,3700,0
2014-03-03,3700,3700,3700,3700,0
2014-03-04,3700,3700,3700,3700,0
2014-03-05,3700,3700,3700,3700,0
2014-03-06,3250,3250,3700,3700,2000
2014-03-07,3700,3700,3700,3700,0
2014-03-10,3700,3700,3700,3700,0
2014-03-11,3700,3700,3700,3700,0
2014-03-12,3700,3700,3700,3700,0
2014-03-13,3700,3700,3700,3700,0
2014-03-14,3700,3700,3700,3700,0
2014-03-17,3500,3500,3500,3500,500
2014-03-18,3500,3500,3500,3500,500
2014-03-19,3500,3500,3500,3500,0
2014-03-20,3500,3500,3500,3500,0
2014-03-21,3500,3500,3500,3500,0
2014-03-24,3500,3500,3500,3500,0
2014-03-25,3500,3500,3500,3500,0
2014-03-26,3500,3500,3500,3500,0
2014-03-27,3500,3500,3500,3500,0
2014-03-28,3500,3500,3500,3500,0
2014-03-31,3500,3500,3500,3500,0
2014-04-01,3500,3500,3500,3500,0
2014-04-02,3500,3500,3500,3500,100
2014-04-03,3500,3500,3500,3500,17500
2014-04-04,3500,3500,3500,3500,0
2014-04-07,3500,3500,3500,3500,0
2014-04-08,3500,3500,3500,3500,93000
2014-04-09,3500,3500,3500,3500,0
2014-04-10,3500,3500,3700,3700,6200
2014-04-11,3700,3700,3700,3700,0
2014-04-14,3700,3700,3700,3700,0
2014-04-15,3700,3700,3700,3700,600
2014-04-16,3700,3675,3700,3675,1300
2014-04-17,3675,3675,3675,3675,0
2014-04-18,3675,3675,3675,3675,0
2014-04-21,3675,3675,3675,3675,200
2014-04-22,3675,3675,3675,3675,0
2014-04-23,3675,3675,3675,3675,0
2014-04-24,3675,3675,3675,3675,0
2014-04-25,3675,3675,3675,3675,0
2014-04-28,3675,3675,3675,3675,0
2014-04-29,3675,3675,3675,3675,0
2014-04-30,3675,3675,3675,3675,0
2014-05-01,3675,3675,3675,3675,0
2014-05-02,3600,3600,3600,3600,100
2014-05-05,3600,3600,3600,3600,0
2014-05-06,3600,3600,3600,3600,0
2014-05-07,3600,3600,3600,3600,0
2014-05-08,3600,3600,3600,3600,0
2014-05-09,3600,3600,3600,3600,0
2014-05-12,3600,3600,3600,3600,0
2014-05-13,3600,3600,3600,3600,0
2014-05-14,3600,3600,3600,3600,0
2014-05-15,3600,3600,3600,3600,0
2014-05-16,3600,3600,3600,3600,0
2014-05-19,3600,3600,3600,3600,0
2014-05-20,3600,3600,3600,3600,0
2014-05-21,3590,3590,3590,3590,100
2014-05-22,3580,3050,3580,3580,1100
2014-05-23,3580,3580,3580,3580,0
2014-05-26,3580,3580,3580,3580,0
2014-05-27,3580,3580,3580,3580,0
2014-05-28,3580,3580,3580,3580,0
2014-05-29,3580,3580,3580,3580,0
2014-05-30,3580,3580,3580,3580,0
2014-06-02,3580,3580,3580,3580,0
2014-06-03,3580,3580,3580,3580,0
2014-06-04,3580,3580,3580,3580,0
2014-06-05,3580,3580,3580,3580,0
2014-06-06,3580,3580,3580,3580,0
2014-06-09,3580,3580,3580,3580,0
2014-06-10,3500,3500,3500,3500,4000
2014-06-11,3500,3500,3500,3500,360000
2014-06-12,3500,3500,3500,3500,0
2014-06-13,3500,3500,3500,3500,0
2014-06-16,3500,3500,3500,3500,0
2014-06-17,3500,3500,3500,3500,0
2014-06-18,3500,3500,3500,3500,402000
2014-06-19,3600,3600,3600,3600,500
2014-06-20,3500,3500,3500,3500,17000
2014-06-23,3500,3500,3500,3500,350000
2014-06-24,3600,3600,3600,3600,100
2014-06-25,3700,3700,3700,3700,400
2014-06-26,3750,3750,3750,3750,500
2014-06-27,3750,3750,3750,3750,0
2014-06-30,3475,3400,3500,3475,29800
2014-07-01,3600,3600,3600,3600,500
2014-07-02,3700,3700,3700,3700,500
2014-07-03,3700,3700,3700,3700,0
2014-07-04,3700,3700,3700,3700,0
2014-07-07,3700,3700,3700,3700,0
2014-07-08,3700,3700,3700,3700,0
2014-07-09,3700,3700,3700,3700,0
2014-07-10,3700,3700,3700,3700,0
2014-07-11,3700,3700,3700,3700,0
2014-07-14,3700,3700,3700,3700,0
2014-07-15,3700,3700,3700,3700,0
2014-07-16,3500,3500,3500,3500,1400
2014-07-17,3500,3500,3500,3500,100
2014-07-18,3500,3500,3500,3500,0
2014-07-21,3400,3400,3400,3400,800
2014-07-22,3500,3500,3500,3500,100
2014-07-23,3500,3500,3500,3500,0
2014-07-24,3500,3500,3500,3500,0
2014-07-25,3500,3500,3500,3500,0
2014-07-28,3500,3500,3500,3500,0
2014-07-29,3500,3500,3500,3500,0
2014-07-30,3500,3500,3500,3500,0
2014-07-31,3500,3500,3500,3500,0
2014-08-01,3500,3500,3500,3500,0
2014-08-04,3500,3500,3500,3500,0
2014-08-05,3500,3500,3500,3500,0
2014-08-06,3500,3500,3500,3500,0
2014-08-07,3500,3500,3500,3500,0
2014-08-08,3600,3600,3600,3600,300
2014-08-11,3600,3600,3600,3600,0
2014-08-12,3600,3600,3600,3600,0
2014-08-13,3600,3600,3600,3600,0
2014-08-14,3600,3600,3600,3600,0
2014-08-15,3600,3600,3600,3600,0
2014-08-18,3600,3600,3600,3600,0
2014-08-19,3575,3025,3575,3575,3700
2014-08-20,3575,3575,3575,3575,0
2014-08-21,3575,3575,3575,3575,0
2014-08-22,3575,3575,3575,3575,0
2014-08-25,3575,3575,3575,3575,0
2014-08-26,3575,3575,3575,3575,0
2014-08-27,3050,3050,3050,3050,5000
2014-08-28,3200,3050,3300,3200,201000
2014-08-29,3200,3175,3200,3200,56000
2014-09-01,3200,3200,3200,3200,0
2014-09-02,2975,2975,2975,2975,30000
2014-09-03,3000,3000,3000,3000,2000
2014-09-04,3105,3100,3105,3105,5500
2014-09-05,3105,3105,3105,3105,0
2014-09-08,3105,3105,3105,3105,0
2014-09-09,3120,3120,3120,3120,300
2014-09-10,3100,3100,3100,3100,20200
2014-09-11,3100,3100,3100,3100,0
2014-09-12,3200,3200,3200,3200,100
2014-09-15,3100,3100,3105,3100,10000
2014-09-16,3150,3150,3150,3150,5000
2014-09-17,3150,3150,3150,3150,0
2014-09-18,3150,3150,3150,3150,200
2014-09-19,3150,3150,3150,3150,0
2014-09-22,3100,3100,3100,3100,167400
2014-09-23,3100,3100,3100,3100,0
2014-09-24,3100,3100,3100,3100,0
2014-09-25,3100,3100,3100,3100,0
2014-09-26,3100,3100,3100,3100,0
2014-09-29,3100,3100,3100,3100,0
2014-09-30,3100,3100,3100,3100,0
2014-10-01,3100,3100,3100,3100,0
2014-10-02,3145,2955,3145,3145,8500
2014-10-03,3100,3100,3100,3100,1500
2014-10-06,3100,3100,3100,3100,0
2014-10-07,3100,3100,3100,3100,0
2014-10-08,3100,2910,3100,3100,13500
2014-10-09,3100,3100,3100,3100,0
2014-10-10,3100,3100,3100,3100,0
2014-10-13,3100,3100,3100,3100,0
2014-10-14,3100,3100,3100,3100,0
2014-10-15,3100,3100,3100,3100,0
2014-10-16,3085,2910,3085,3085,188100
2014-10-17,3085,3085,3085,3085,0
2014-10-20,3085,3085,3085,3085,0
2014-10-21,3085,3085,3085,3085,0
2014-10-22,3085,3085,3085,3085,0
2014-10-23,3085,3085,3085,3085,0
2014-10-24,3000,2850,3000,3000,32000
2014-10-27,3000,3000,3000,3000,0
2014-10-28,3000,3000,3000,3000,0
2014-10-29,3000,3000,3000,3000,0
2014-10-30,3000,3000,3000,3000,0
2014-10-31,3000,3000,3000,3000,0
2014-11-03,3000,3000,3100,3000,2000
2014-11-04,3000,3000,3000,3000,0
2014-11-05,3000,3000,3000,3000,0
2014-11-06,3000,3000,3000,3000,0
2014-11-07,3000,3000,3000,3000,0
2014-11-10,2900,2900,2900,2900,25000
2014-11-11,2900,2900,2900,2900,0
2014-11-12,2900,2900,2900,2900,0
2014-11-13,2900,2900,2900,2900,0
2014-11-14,2900,2900,2900,2900,0
2014-11-17,2900,2860,2860,2860,1700
2014-11-18,2850,2850,2860,2850,9500
2014-11-19,2860,2860,2860,2860,200
2014-11-20,2860,2860,2860,2860,8500
2014-11-21,2860,2860,2860,2860,0
2014-11-24,2860,2860,2860,2860,2300
2014-11-25,2860,2860,2860,2860,0
2014-11-26,2860,2860,2860,2860,0
2014-11-27,3050,3050,3050,3050,100
2014-11-28,3050,3050,3050,3050,0
2014-12-01,3075,3075,3075,3075,400
2014-12-02,3075,3000,3075,3000,200
2014-12-03,3000,3000,3000,3000,0
2014-12-04,3000,3000,3000,3000,0
2014-12-05,2990,2865,2990,2870,3500
2014-12-08,2860,2860,2860,2860,4000
2014-12-09,2860,2860,2875,2860,32900
2014-12-10,2860,2860,2860,2860,0
2014-12-11,2855,2850,2855,2850,300100
2014-12-12,2850,2850,2850,2850,0
2014-12-15,2850,2850,2850,2850,0
2014-12-16,2900,2900,2900,2900,1000
2014-12-17,2900,2900,2900,2900,0
2014-12-18,2900,2900,2900,2900,0
2014-12-19,2800,2760,2865,2865,9400
2014-12-22,2865,2865,2865,2865,0
2014-12-23,2765,2750,2765,2750,6500
2014-12-24,2755,2750,2755,2750,68800
2014-12-25,2755,2750,2755,2750,0
2014-12-26,2755,2750,2755,2750,0
2014-12-29,2750,2750,2750,2750,0
2014-12-30,2890,2800,3000,2800,186400
2014-12-31,2890,2800,3000,2800,0
2015-01-01,2890,2800,3000,2800,0
2015-01-02,2800,2800,2800,2800,0
2015-01-05,2800,2800,2800,2800,0
2015-01-06,2800,2800,2800,2800,0
2015-01-07,2800,2800,2800,2800,0
2015-01-08,2800,2800,2800,2800,0
2015-01-09,2800,2800,2800,2800,0
2015-01-12,2800,2800,2800,2800,0
2015-01-13,2800,2800,2800,2800,0
2015-01-14,2805,2800,2805,2800,2900
2015-01-15,2800,2800,2800,2800,0
2015-01-16,2755,2755,2755,2755,100
2015-01-19,2755,2755,2755,2755,0
2015-01-20,2755,2755,2755,2755,0
2015-01-21,2755,2755,2755,2755,0
2015-01-22,2755,2755,2755,2755,0
2015-01-23,2755,2755,2755,2755,0
2015-01-26,2755,2755,2755,2755,0
2015-01-27,3000,3000,3000,3000,100
2015-01-28,2755,2755,2995,2995,200
2015-01-29,2995,2995,2995,2995,0
2015-01-30,2995,2995,2995,2995,0
2015-02-02,2995,2995,2995,2995,0
2015-02-03,2995,2995,2995,2995,0
2015-02-04,2995,2995,2995,2995,0
2015-02-05,2995,2995,2995,2995,0
2015-02-06,2995,2995,2995,2995,0
2015-02-09,3395,3395,3395,3395,89400
2015-02-10,2995,2750,2995,2855,120100
2015-02-11,2935,2935,2935,2935,1000
2015-02-12,2935,2935,2935,2935,0
2015-02-13,2935,2935,2935,2935,0
2015-02-16,2850,2850,2850,2850,300
2015-02-17,2850,2850,2850,2850,0
2015-02-18,2800,2800,2800,2800,2500
2015-02-19,2800,2800,2800,2800,0
2015-02-20,2800,2800,2800,2800,0
2015-02-23,2850,2850,2850,2850,1000
2015-02-24,2850,2850,2850,2850,0
2015-02-25,2850,2850,2850,2850,0
2015-02-26,2850,2850,2850,2850,0
2015-02-27,2850,2850,2850,2850,900
2015-03-02,2850,2850,2850,2850,0
2015-03-03,2850,2850,2850,2850,0
2015-03-04,2850,2850,2850,2850,0
2015-03-05,2850,2850,2850,2850,0
2015-03-06,2850,2850,2850,2850,0
2015-03-09,2850,2850,2850,2850,0
2015-03-10,2850,2850,2850,2850,0
2015-03-11,3000,3000,3000,3000,2000
2015-03-12,3000,3000,3000,3000,0
2015-03-13,3000,3000,3000,3000,0
2015-03-16,2825,2800,2825,2800,200000
2015-03-17,2800,2800,2800,2800,0
2015-03-18,2800,2800,2800,2800,0
2015-03-19,2800,2800,2800,2800,0
2015-03-20,2800,2800,2800,2800,0
2015-03-23,2800,2800,2800,2800,0
2015-03-24,2810,2810,2810,2810,1000
2015-03-25,2810,2810,2810,2810,20000
2015-03-26,2810,2810,2810,2810,0
2015-03-27,2810,2810,2810,2810,0
2015-03-30,2810,2800,2810,2810,23500
2015-03-31,2810,2810,2810,2810,0
2015-04-01,2810,2810,2810,2810,0
2015-04-02,2750,2750,2750,2750,100
2015-04-03,2750,2750,2750,2750,0
2015-04-06,2900,2900,2900,2900,5000
2015-04-07,2900,2900,2900,2900,0
2015-04-08,2900,2900,2900,2900,0
2015-04-09,2900,2900,2900,2900,0
2015-04-10,2900,2900,2900,2900,0
2015-04-13,2995,2900,2995,2995,200000
2015-04-14,2995,2995,2995,2995,0
2015-04-15,2995,2995,3000,2995,330000
2015-04-16,3000,3000,3000,3000,58400
2015-04-17,3000,3000,3005,3000,222000
2015-04-20,3000,3000,3000,3000,0
2015-04-21,3000,3000,3000,3000,0
2015-04-22,3000,3000,3000,3000,252000
2015-04-23,3000,3000,3000,3000,50000
2015-04-24,3000,3000,3000,3000,100400
2015-04-27,3100,3100,3245,3245,9100
2015-04-28,3245,3245,3245,3245,0
2015-04-29,3100,3100,3100,3100,11600
2015-04-30,3100,3100,3100,3100,0
2015-05-01,3100,3100,3100,3100,0
2015-05-04,3100,3100,3100,3100,0
2015-05-05,3100,3100,3100,3100,350000
2015-05-06,3100,3100,3100,3100,28500
2015-05-07,3100,3100,3100,3100,101200
2015-05-08,3100,3100,3100,3100,0
2015-05-11,3100,3100,3100,3100,0
2015-05-12,3100,3100,3100,3100,0
2015-05-13,3150,3150,3200,3200,178000
2015-05-14,3150,3150,3200,3200,0
2015-05-15,3200,3200,3200,3200,0
2015-05-18,3100,3100,3100,3100,139700
2015-05-19,3100,3100,3100,3100,30000
2015-05-20,3100,3100,3100,3100,0
2015-05-21,3100,3100,3100,3100,0
2015-05-22,3100,3100,3100,3100,0
2015-05-25,3100,3100,3100,3100,306800
2015-05-26,3100,3100,3100,3100,0
2015-05-27,3100,3100,3100,3100,0
2015-05-28,3100,3100,3100,3100,0
2015-05-29,3100,3100,3100,3100,131700
2015-06-01,3100,3100,3100,3100,0
2015-06-02,3100,3100,3100,3100,0
2015-06-03,3100,3100,3100,3100,0
2015-06-04,3100,3100,3100,3100,62100
2015-06-05,3100,3100,3100,3100,0
2015-06-08,3100,3100,3100,3100,0
2015-06-09,3100,3100,3100,3100,0
2015-06-10,3100,3100,3100,3100,0
2015-06-11,3100,3100,3100,3100,0
2015-06-12,3100,3100,3100,3100,0
2015-06-15,3100,3100,3100,3100,0
2015-06-16,2900,2900,2900,2900,45000
2015-06-17,2900,2900,2900,2900,0
2015-06-18,2900,2900,2900,2900,0
2015-06-19,2900,2900,2900,2900,0
2015-06-22,2900,2900,2900,2900,0
2015-06-23,2900,2900,2900,2900,0
2015-06-24,2900,2900,2900,2900,0
2015-06-25,2900,2900,2900,2900,0
2015-06-26,2900,2900,2900,2900,0
2015-06-29,2900,2900,2900,2900,0
2015-06-30,2900,2900,2900,2900,0
2015-07-01,2900,2900,2900,2900,0
2015-07-02,2900,2900,2900,2900,0
2015-07-03,2900,2900,2900,2900,0
2015-07-06,2900,2900,2900,2900,0
2015-07-07,2900,2900,2900,2900,0
2015-07-08,2900,2900,2900,2900,0
2015-07-09,2900,2900,2900,2900,0
2015-07-10,2900,2900,2900,2900,0
2015-07-13,2900,2900,2900,2900,0
2015-07-14,2900,2900,2900,2900,0
2015-07-15,2900,2900,2900,2900,0
2015-07-16,2900,2900,2900,2900,0
2015-07-17,2900,2900,2900,2900,0
2015-07-20,2900,2900,2900,2900,0
2015-07-21,2900,2900,2900,2900,0
2015-07-22,2900,2900,2900,2900,0
2015-07-23,2900,2900,2900,2900,1000
2015-07-24,2900,2900,2900,2900,1000
2015-07-27,2900,2900,2900,2900,1000
2015-07-28,2900,2900,2900,2900,0
2015-07-29,2905,2900,2905,2900,15800
2015-07-30,2900,2900,2900,2900,214700
2015-07-31,2900,2900,2900,2900,0
2015-08-03,2900,2900,2900,2900,0
2015-08-04,2900,2900,2900,2900,0
2015-08-05,2900,2900,2900,2900,0
2015-08-06,2900,2900,2900,2900,0
2015-08-07,2900,2900,2900,2900,0
2015-08-10,2900,2900,2900,2900,0
2015-08-11,2900,2900,2900,2900,0
2015-08-12,2700,2700,2700,2700,74500
2015-08-13,2700,2700,2700,2700,330000
2015-08-14,2700,2700,2700,2700,0
2015-08-17,2700,2700,2700,2700,0
2015-08-18,2700,2700,2700,2700,0
2015-08-19,2650,2650,2650,2650,700000
2015-08-20,2650,2650,2650,2650,0
2015-08-21,2550,2550,2550,2550,100
2015-08-24,2550,2550,2550,2550,200
2015-08-25,2450,2450,2450,2450,500
2015-08-26,2450,2450,2450,2450,250000
2015-08-27,2345,2345,2345,2345,250000
2015-08-28,2345,2345,2345,2345,0
2015-08-31,2345,2345,2345,2345,312000
2015-09-01,2350,2350,2350,2350,688000
2015-09-02,2350,2350,2350,2350,0
2015-09-03,2350,2350,2350,2350,0
2015-09-04,2350,2350,2350,2350,0
2015-09-07,2350,2350,2350,2350,0
2015-09-08,2350,2350,2350,2350,0
2015-09-09,2350,2350,2350,2350,0
2015-09-10,2350,2350,2350,2350,400
2015-09-11,2350,2350,2350,2350,0
2015-09-14,2350,2350,2350,2350,0
2015-09-15,2350,2350,2350,2350,0
2015-09-16,2350,2350,2350,2350,0
2015-09-17,2250,2250,2250,2250,3000
2015-09-18,2250,2250,2250,2250,600000
2015-09-21,2250,2250,2250,2250,647000
2015-09-22,2200,2200,2200,2200,3000
2015-09-23,2100,2100,2100,2100,5500
2015-09-24,2100,2100,2100,2100,0
2015-09-25,2100,2100,2100,2100,1470400
2015-09-28,2100,2100,2100,2100,0
2015-09-29,2100,2100,2100,2100,0
2015-09-30,2100,2100,2100,2100,0
2015-10-01,2100,2100,2100,2100,0
2015-10-02,2100,2100,2100,2100,0
2015-10-05,2100,2100,2100,2100,0
2015-10-06,2100,2100,2100,2100,5000
2015-10-07,2100,2100,2100,2100,0
2015-10-08,2100,2100,2100,2100,0
2015-10-09,2100,2100,2100,2100,5000
2015-10-12,2100,1900,2100,1900,200
2015-10-13,1900,1900,1900,1900,0
2015-10-14,1900,1900,1900,1900,0
2015-10-15,1900,1900,1900,1900,0
2015-10-16,2050,2050,2050,2050,300
2015-10-19,2050,2050,2050,2050,0
2015-10-20,2050,2050,2050,2050,0
2015-10-21,2050,2050,2050,2050,0
2015-10-22,2055,2055,2055,2055,100
2015-10-23,2055,2055,2055,2055,0
2015-10-26,2055,2055,2055,2055,0
2015-10-27,2055,2055,2055,2055,0
2015-10-28,2055,2055,2055,2055,0
2015-10-29,2055,2055,2055,2055,0
2015-10-30,2055,2055,2055,2055,0
2015-11-02,2055,2055,2055,2055,0
2015-11-03,2055,2055,2055,2055,0
2015-11-04,2055,2055,2055,2055,0
2015-11-05,2055,2055,2055,2055,0
2015-11-06,2055,2055,2055,2055,0
2015-11-09,2055,2055,2055,2055,0
2015-11-10,2055,2055,2055,2055,0
2015-11-11,2055,2055,2055,2055,0
2015-11-12,2055,2055,2055,2055,0
2015-11-13,2055,2055,2055,2055,0
2015-11-16,2055,2055,2055,2055,0
2015-11-17,2055,2055,2055,2055,0
2015-11-18,2055,2055,2055,2055,0
2015-11-19,2055,2055,2055,2055,0
2015-11-20,2055,2055,2055,2055,0
2015-11-23,2055,2055,2055,2055,0
2015-11-24,2055,2055,2055,2055,0
2015-11-25,2550,2550,2550,2550,500
2015-11-26,2800,2800,2800,2800,500
2015-11-27,3000,3000,3000,3000,1000
2015-11-30,3000,3000,3000,3000,0
2015-12-01,3000,3000,3000,3000,0
2015-12-02,3000,3000,3000,3000,0
2015-12-03,3000,3000,3000,3000,0
2015-12-04,3000,3000,3000,3000,0
2015-12-07,3000,3000,3000,3000,0
2015-12-08,3000,3000,3000,3000,0
2015-12-09,3000,3000,3000,3000,0
2015-12-10,3000,3000,3000,3000,0
2015-12-11,3000,3000,3000,3000,0
2015-12-14,3000,3000,3000,3000,0
2015-12-15,3000,3000,3000,3000,0
2015-12-16,3000,3000,3000,3000,0
2015-12-17,3000,3000,3000,3000,0
2015-12-18,3000,3000,3000,3000,0
2015-12-21,3000,3000,3000,3000,0
2015-12-22,3000,3000,3000,3000,0
2015-12-23,3000,3000,3000,3000,0
2015-12-24,3000,3000,3000,3000,0
2015-12-25,3000,3000,3000,3000,0
2015-12-28,3000,3000,3000,3000,0
2015-12-29,3000,3000,3000,3000,0
2015-12-30,3000,3000,3000,3000,0
2015-12-31,3000,3000,3000,3000,0
2016-01-01,3000,3000,3000,3000,0
2016-01-04,3000,3000,3000,3000,0
2016-01-05,3000,3000,3000,3000,0
2016-01-06,3000,3000,3000,3000,0
2016-01-07,3000,3000,3000,3000,0
2016-01-08,3000,3000,3000,3000,0
2016-01-11,3000,3000,3000,3000,0
2016-01-12,3000,3000,3000,3000,0
2016-01-13,3000,3000,3000,3000,0
2016-01-14,3000,3000,3000,3000,0
2016-01-15,3000,3000,3000,3000,0
2016-01-18,3000,3000,3000,3000,0
2016-01-19,3000,3000,3000,3000,0
2016-01-20,3000,3000,3000,3000,0
2016-01-21,3000,3000,3000,3000,0
2016-01-22,3000,3000,3000,3000,0
2016-01-25,3000,3000,3000,3000,0
2016-01-26,3000,3000,3000,3000,0
2016-01-27,3000,3000,3000,3000,0
2016-01-28,3000,3000,3000,3000,0
2016-01-29,3000,3000,3000,3000,0
2016-02-01,3000,3000,3000,3000,0
2016-02-02,3000,3000,3000,3000,0
2016-02-03,3000,3000,3000,3000,0
2016-02-04,3000,3000,3000,3000,0
2016-02-05,3000,3000,3000,3000,0
2016-02-08,3000,3000,3000,3000,0
2016-02-09,3000,3000,3000,3000,0
2016-02-10,3000,3000,3000,3000,0
2016-02-11,3000,3000,3000,3000,0
2016-02-12,3000,3000,3000,3000,0
2016-02-15,3000,3000,3000,3000,0
2016-02-16,3000,3000,3000,3000,0
2016-02-17,3000,3000,3000,3000,0
2016-02-18,2700,2700,2700,2700,1500
2016-02-19,2700,2700,2700,2700,0
2016-02-22,2700,2700,2700,2700,0
2016-02-23,2700,2700,2700,2700,0
2016-02-24,2700,2700,2700,2700,0
2016-02-25,2700,2700,2700,2700,0
2016-02-26,2700,2700,2700,2700,0
2016-02-29,2700,2700,2700,2700,0
2016-03-01,2700,2700,2700,2700,0
2016-03-02,2700,2700,2700,2700,2000
2016-03-03,2700,2700,2700,2700,0
2016-03-04,2700,2700,2700,2700,0
2016-03-07,2700,2700,2700,2700,0
2016-03-08,2700,2700,2700,2700,0
2016-03-09,2700,2700,2700,2700,0
2016-03-10,2700,2700,2700,2700,0
2016-03-11,2700,2700,2700,2700,0
2016-03-14,2700,2700,2700,2700,0
2016-03-15,2700,2700,2700,2700,0
2016-03-16,2700,2700,2700,2700,0
2016-03-17,2700,2700,2700,2700,0
2016-03-18,2700,2700,2700,2700,0
2016-03-21,2700,2700,2700,2700,0
2016-03-22,2700,2700,2700,2700,0
2016-03-23,2700,2700,2700,2700,0
2016-03-24,2700,2700,2700,2700,0
2016-03-25,2700,2700,2700,2700,0
2016-03-28,2700,2700,2700,2700,0
2016-03-29,2700,2700,2700,2700,0
2016-03-30,2700,2700,2700,2700,0
2016-03-31,2700,2700,2700,2700,0
2016-04-01,2700,2700,2700,2700,5500
2016-04-04,2700,2700,2700,2700,0
2016-04-05,2700,2700,2700,2700,5000
2016-04-06,2700,2700,2700,2700,0
2016-04-07,2500,2500,2700,2700,54400
2016-04-08,2700,2700,2700,2700,0
2016-04-11,2700,2700,2700,2700,0
2016-04-12,2700,2700,2700,2700,0
2016-04-13,2700,2700,2700,2700,0
2016-04-14,2700,2700,2700,2700,0
2016-04-15,2700,2700,2700,2700,0
2016-04-18,2700,2700,2700,2700,0
2016-04-19,2700,2700,2700,2700,0
2016-04-20,2700,2700,2700,2700,0
2016-04-21,2700,2700,2700,2700,0
2016-04-22,2700,2700,2700,2700,0
2016-04-25,2700,2700,2700,2700,0
2016-04-26,2700,2700,2700,2700,1900
2016-04-27,2700,2700,2700,2700,0
2016-04-28,2900,2900,2900,2900,1000
2016-04-29,2900,2900,2900,2900,0
2016-05-02,2900,2900,2900,2900,0
2016-05-03,2750,2750,2750,2750,9100
2016-05-04,2750,2750,2750,2750,900
2016-05-05,2750,2750,2750,2750,0
2016-05-06,2750,2750,2750,2750,0
2016-05-09,2750,2750,2750,2750,0
2016-05-10,2750,2750,2750,2750,0
2016-05-11,2750,2750,2750,2750,0
2016-05-12,2750,2750,2750,2750,0
2016-05-13,2750,2750,2750,2750,0
2016-05-16,2750,2750,2750,2750,1000
2016-05-17,2700,2700,2700,2700,3000
2016-05-18,2700,2700,2800,2800,11500
2016-05-19,2800,2800,2800,2800,0
2016-05-20,2800,2800,2800,2800,0
2016-05-23,2800,2800,2800,2800,0
2016-05-24,2600,2600,2700,2700,5000
2016-05-25,2600,2600,2600,2600,100
2016-05-26,2600,2600,2600,2600,0
2016-05-27,2600,2600,2600,2600,0
2016-05-30,2600,2600,2600,2600,0
2016-05-31,2600,2600,2600,2600,0
2016-06-01,2600,2600,2600,2600,0
2016-06-02,2600,2600,2600,2600,0
2016-06-03,2600,2600,2600,2600,0
2016-06-06,2600,2600,2600,2600,0
2016-06-07,2600,2600,2730,2730,20000
2016-06-08,2750,2750,2750,2750,10000
2016-06-09,2750,2750,2750,2750,0
2016-06-10,2750,2750,2750,2750,0
2016-06-13,2750,2750,2750,2750,0
2016-06-14,2750,2750,2750,2750,0
2016-06-15,2750,2750,2750,2750,0
2016-06-16,2750,2750,2750,2750,0
2016-06-17,2750,2750,2750,2750,0
2016-06-20,2750,2750,2750,2750,0
2016-06-21,2750,2750,2750,2750,0
2016-06-22,2750,2750,2750,2750,0
2016-06-23,2750,2750,2750,2750,0
2016-06-24,2750,2750,2750,2750,0
2016-06-27,2750,2750,2750,2750,0
2016-06-28,2750,2750,2750,2750,0
2016-06-29,2750,2750,2750,2750,0
2016-06-30,2750,2750,2750,2750,0
2016-07-01,2750,2750,2750,2750,0
2016-07-04,2750,2750,2750,2750,0
2016-07-05,2750,2750,2750,2750,0
2016-07-06,2750,2750,2750,2750,0
2016-07-07,2750,2750,2750,2750,0
2016-07-08,2750,2750,2750,2750,0
2016-07-11,2750,2750,2750,2750,0
2016-07-12,2750,2750,2750,2750,0
2016-07-13,2750,2750,2750,2750,0
2016-07-14,2750,2750,2750,2750,0
2016-07-15,2750,2750,2750,2750,0
2016-07-18,2750,2750,2750,2750,0
2016-07-19,2750,2750,2750,2750,500
2016-07-20,2750,2750,2750,2750,500
2016-07-21,2750,2750,2750,2750,0
2016-07-22,2750,2750,2750,2750,2000
2016-07-25,2750,2750,2750,2750,0
2016-07-26,2750,2750,2750,2750,0
2016-07-27,2800,2800,2800,2800,10000
2016-07-28,2800,2800,2800,2800,4000
2016-07-29,2800,2800,2800,2800,0
2016-08-01,2800,2800,2800,2800,0
2016-08-02,2750,2750,2750,2750,1000
2016-08-03,2750,2750,2750,2750,0
2016-08-04,2750,2750,2750,2750,0
2016-08-05,2750,2750,2750,2750,3000
2016-08-08,2750,2750,2750,2750,0
2016-08-09,2750,2750,2750,2750,0
2016-08-10,2750,2750,2750,2750,6900
2016-08-11,2750,2750,2750,2750,0
2016-08-12,2750,2750,2750,2750,0
2016-08-15,2750,2750,2750,2750,0
2016-08-16,2750,2750,2750,2750,400
2016-08-17,2750,2750,2750,2750,0
2016-08-18,2750,2750,2750,2750,0
2016-08-19,2750,2750,2750,2750,0
2016-08-22,2750,2750,2750,2750,100
2016-08-23,2750,2750,2750,2750,0
2016-08-24,2750,2750,2750,2750,0
2016-08-25,2700,2700,2700,2700,500
2016-08-26,2700,2700,2700,2700,0
2016-08-29,2700,2700,2700,2700,0
2016-08-30,2700,2700,2700,2700,0
2016-08-31,2700,2700,2700,2700,0
2016-09-01,2700,2700,2700,2700,200
2016-09-02,2700,2700,2700,2700,0
2016-09-05,2800,2800,2800,2800,20000
2016-09-06,2800,2800,2800,2800,0
2016-09-07,2800,2800,2800,2800,0
2016-09-08,2800,2800,2800,2800,0
2016-09-09,2800,2800,2800,2800,0
2016-09-12,2800,2800,2800,2800,0
2016-09-13,2800,2800,2800,2800,0
2016-09-14,2800,2800,2800,2800,0
2016-09-15,2800,2800,2800,2800,0
2016-09-16,2800,2800,2800,2800,0
2016-09-19,2800,2800,2800,2800,0
2016-09-20,2800,2800,2800,2800,7900
2016-09-21,2800,2800,2800,2800,0
2016-09-22,2800,2800,2800,2800,0
2016-09-23,2800,2800,2800,2800,0
2016-09-26,2800,2800,2800,2800,0
2016-09-27,2800,2800,2900,2900,3500
2016-09-28,2900,2900,2900,2900,1000
2016-09-29,2900,2900,2900,2900,0
2016-09-30,2900,2900,2900,2900,0
2016-10-03,2900,2900,2900,2900,0
2016-10-04,2900,2900,2900,2900,0
2016-10-05,2950,2950,3090,3090,400
2016-10-06,3150,3150,3150,3150,100
2016-10-07,3150,3150,3150,3150,0
2016-10-10,3150,3150,3150,3150,0
2016-10-11,3150,3150,3150,3150,0
2016-10-12,3150,3150,3150,3150,0
2016-10-13,3200,3200,3200,3200,100
2016-10-14,3200,3200,3200,3200,0
2016-10-17,3200,3200,3200,3200,0
2016-10-18,3200,3200,3200,3200,0
2016-10-19,3200,3200,3200,3200,0
2016-10-20,3200,3200,3200,3200,0
2016-10-21,3240,3240,3240,3240,100
2016-10-24,3240,3240,3240,3240,200
2016-10-25,3240,3240,3240,3240,0
2016-10-26,3240,3240,3240,3240,0
2016-10-27,3240,3240,3240,3240,0
2016-10-28,3240,3240,3240,3240,0
2016-10-31,3240,3240,3240,3240,0
2016-11-01,3240,3240,3240,3240,0
2016-11-02,3240,3240,3240,3240,0
2016-11-03,3240,3240,3240,3240,0
2016-11-04,3240,3240,3240,3240,0
2016-11-07,3240,3240,3240,3240,0
2016-11-08,3240,3240,3240,3240,0
2016-11-09,3240,3240,3240,3240,0
2016-11-10,3240,3240,3240,3240,0
2016-11-11,3240,3240,3240,3240,0
2016-11-14,3240,3240,3240,3240,0
2016-11-15,2920,2920,2920,2920,800
2016-11-16,2920,2920,2920,2920,0
2016-11-17,2920,2920,2920,2920,0
2016-11-18,2920,2920,2920,2920,0
2016-11-21,2920,2920,2920,2920,0
2016-11-22,2920,2920,2920,2920,0
2016-11-23,2920,2920,2920,2920,0
2016-11-24,2920,2920,2920,2920,0
2016-11-25,2920,2920,2920,2920,0
2016-11-28,2920,2920,2920,2920,0
2016-11-29,2920,2920,2920,2920,0
2016-11-30,2920,2920,2920,2920,0
2016-12-01,2920,2920,2920,2920,0
2016-12-02,2920,2920,2920,2920,0
2016-12-05,2920,2920,2920,2920,0
2016-12-06,2920,2920,2920,2920,0
2016-12-07,2920,2920,2920,2920,0
2016-12-08,2920,2920,2920,2920,0
2016-12-09,2920,2920,2920,2920,0
2016-12-12,2920,2920,2920,2920,0
2016-12-13,2920,2920,2920,2920,0
2016-12-14,2920,2920,2920,2920,0
2016-12-15,2920,2920,2920,2920,0
2016-12-16,2920,2920,2920,2920,0
2016-12-19,2920,2920,2920,2920,0
2016-12-20,2920,2920,2920,2920,0
2016-12-21,2920,2920,2920,2920,0
2016-12-22,2920,2920,2920,2920,0
2016-12-23,2920,2920,2920,2920,0
2016-12-26,2920,2920,2920,2920,0
2016-12-27,2920,2920,2920,2920,0
2016-12-28,2920,2920,2920,2920,0
2016-12-29,2920,2920,2920,2920,0
2016-12-30,2920,2920,2920,2920,0
2017-01-02,2920,2920,2920,2920,0
2017-01-03,2920,2920,2920,2920,0
2017-01-04,2920,2920,2920,2920,0
2017-01-05,2920,2920,2920,2920,0
2017-01-06,2920,2920,2920,2920,0
2017-01-09,2920,2920,2920,2920,0
2017-01-10,2920,2920,2920,2920,0
2017-01-11,2920,2920,2920,2920,0
2017-01-12,2920,2900,2920,2900,1000
2017-01-13,2900,2900,2900,2900,0
2017-01-16,2900,2900,2900,2900,0
2017-01-17,2900,2900,2900,2900,0
2017-01-18,2900,2900,2900,2900,0
2017-01-19,2900,2900,2900,2900,0
2017-01-20,2900,2900,2900,2900,0
2017-01-23,2900,2900,2900,2900,0
2017-01-24,2900,2900,2900,2900,0
2017-01-25,2900,2900,2900,2900,0
2017-01-26,2900,2850,2920,2920,11900
2017-01-27,2920,2920,2920,2920,0
2017-01-30,2920,2920,2920,2920,0
2017-01-31,2940,2940,2940,2940,5000
2017-02-01,2940,2940,2950,2950,5000
2017-02-02,2950,2950,2950,2950,0
2017-02-03,2950,2950,2950,2950,0
2017-02-06,2950,2950,2950,2950,0
2017-02-07,2950,2950,2950,2950,0
2017-02-08,2960,2960,2960,2960,5000
2017-02-09,2960,2890,2960,2960,5100
2017-02-10,2960,2960,2960,2960,10000
2017-02-13,2960,2960,2960,2960,0
2017-02-14,2960,2960,3000,3000,300
2017-02-15,3000,3000,3000,3000,0
2017-02-16,3000,3000,3000,3000,0
2017-02-17,3000,3000,3000,3000,0
2017-02-20,3000,3000,3000,3000,0
2017-02-21,3000,3000,3000,3000,0
2017-02-22,3000,3000,3000,3000,0
2017-02-23,3000,3000,3000,3000,0
2017-02-24,3000,3000,3000,3000,0
2017-02-27,3000,3000,3000,3000,0
2017-02-28,3000,3000,3000,3000,0
2017-03-01,3000,3000,3000,3000,0
2017-03-02,3000,3000,3000,3000,0
2017-03-03,3000,3000,3000,3000,0
2017-03-06,3000,3000,3000,3000,0
2017-03-07,3000,3000,3000,3000,0
2017-03-08,3000,3000,3000,3000,0
2017-03-09,3000,3000,3000,3000,0
2017-03-10,3000,3000,3000,3000,0
2017-03-13,3000,3000,3000,3000,0
2017-03-14,3000,3000,3000,3000,0
2017-03-15,3000,3000,3000,3000,0
2017-03-16,3000,3000,3000,3000,0
2017-03-17,3000,3000,3000,3000,0
2017-03-20,3000,3000,3000,3000,0
2017-03-21,2250,2250,2250,2250,100
2017-03-22,2250,2250,2810,2810,18000
2017-03-23,2810,2810,2810,2810,0
2017-03-24,2810,2810,2810,2810,0
2017-03-27,2810,2810,2810,2810,0
2017-03-28,2810,2810,2810,2810,0
2017-03-29,2810,2810,2810,2810,0
2017-03-30,2810,2810,2810,2810,0
2017-03-31,2810,2810,2810,2810,0
2017-04-03,2810,2810,2810,2810,0
2017-04-04,2810,2810,2810,2810,0
2017-04-05,2810,2810,2810,2810,0
2017-04-06,2810,2810,2810,2810,0
2017-04-07,2810,2800,2810,2800,1700
2017-04-10,2900,2900,2900,2900,100
2017-04-11,2900,2900,3000,3000,13000
2017-04-12,3000,3000,3000,3000,0
2017-04-13,3000,3000,3000,3000,100
2017-04-14,3000,3000,3000,3000,0
2017-04-17,3000,3000,3000,3000,0
2017-04-18,3000,3000,3000,3000,0
2017-04-19,3000,3000,3000,3000,0
2017-04-20,3000,3000,3000,3000,0
2017-04-21,3000,3000,3000,3000,0
2017-04-24,3000,3000,3000,3000,0
2017-04-25,3000,3000,3000,3000,0
2017-04-26,3000,3000,3000,3000,0
2017-04-27,3000,3000,3000,3000,0
2017-04-28,3000,3000,3050,3050,10000
2017-05-01,3000,3000,3050,3050,0
2017-05-02,3050,3050,3050,3050,0
2017-05-03,3050,3050,3050,3050,0
2017-05-04,3050,3050,3050,3050,0
2017-05-05,3050,3050,3050,3050,0
2017-05-08,3000,3000,3000,3000,6000
2017-05-09,3000,3000,3000,3000,0
2017-05-10,3000,3000,3000,3000,0
2017-05-11,3000,3000,3000,3000,0
2017-05-12,3000,3000,3000,3000,0
2017-05-15,2900,2900,2900,2900,9200
2017-05-16,2900,2900,2900,2900,0
2017-05-17,2900,2900,2900,2900,0
2017-05-18,2900,2900,2900,2900,0
2017-05-19,2900,2900,2900,2900,0
2017-05-22,2900,2900,2900,2900,0
2017-05-23,2900,2900,2900,2900,0
2017-05-24,2900,2900,2900,2900,0
2017-05-25,2900,2900,2900,2900,0
2017-05-26,2900,2900,2900,2900,0
2017-05-29,2900,2900,2900,2900,0
2017-05-30,2900,2900,2900,2900,0
2017-05-31,2900,2900,2900,2900,0
2017-06-01,2900,2900,2900,2900,0
2017-06-02,2900,2900,2900,2900,0
2017-06-05,2900,2900,2900,2900,0
2017-06-06,2900,2900,2900,2900,0
2017-06-07,2900,2900,2900,2900,0
2017-06-08,2900,2900,2900,2900,0
2017-06-09,2900,2900,2900,2900,0
2017-06-12,2900,2900,2900,2900,0
2017-06-13,2900,2900,2900,2900,0
2017-06-14,2900,2900,2900,2900,0
2017-06-15,2900,2900,2900,2900,0
2017-06-16,2900,2900,2900,2900,0
2017-06-19,2900,2900,2900,2900,0
2017-06-20,2900,2900,2900,2900,0
2017-06-21,2900,2900,2900,2900,0
2017-06-22,2900,2900,2900,2900,0
2017-06-23,2900,2900,2900,2900,0
2017-06-26,2900,2900,2900,2900,0
2017-06-27,2900,2900,2900,2900,0
2017-06-28,2900,2900,2900,2900,0
2017-06-29,2900,2900,2900,2900,0
2017-06-30,2900,2900,2900,2900,0
2017-07-03,2900,2900,2900,2900,1100
2017-07-04,2900,2900,2900,2900,0
2017-07-05,2900,2900,2900,2900,0
2017-07-06,2900,2900,2900,2900,0
2017-07-07,2900,2900,2900,2900,0
2017-07-10,2900,2900,2900,2900,0
2017-07-11,2900,2900,2900,2900,0
2017-07-12,2900,2900,2900,2900,0
2017-07-13,2900,2900,2900,2900,0
2017-07-14,2900,2900,2900,2900,0
2017-07-17,2900,2900,2900,2900,0
2017-07-18,2900,2900,2900,2900,0
2017-07-19,2900,2900,2900,2900,0
2017-07-20,2900,2900,2900,2900,0
2017-07-21,2900,2900,2900,2900,0
2017-07-24,2900,2900,2900,2900,0
2017-07-25,2900,2900,2900,2900,0
2017-07-26,2900,2900,2900,2900,0
2017-07-27,2900,2900,2900,2900,0
2017-07-28,2900,2900,2900,2900,0
2017-07-31,2900,2900,2900,2900,0
2017-08-01,2900,2900,2900,2900,0
2017-08-02,2900,2900,2900,2900,0
2017-08-03,2900,2900,2900,2900,0
2017-08-04,2900,2900,2900,2900,0
2017-08-07,2900,2900,2900,2900,0
2017-08-08,2900,2900,2900,2900,0
2017-08-09,2900,2900,2900,2900,0
2017-08-10,2900,2900,2900,2900,0
2017-08-11,2900,2900,2900,2900,0
2017-08-14,2900,2900,2900,2900,0
2017-08-15,2900,2900,2900,2900,0
2017-08-16,2900,2900,2900,2900,0
2017-08-17,2900,2900,2900,2900,0
2017-08-18,2900,2900,2900,2900,0
2017-08-21,2900,2900,2900,2900,0
2017-08-22,2900,2900,2900,2900,0
2017-08-23,2900,2900,2900,2900,0
2017-08-24,2900,2900,2900,2900,0
2017-08-25,2900,2900,2900,2900,0
2017-08-28,2900,2900,2900,2900,0
2017-08-29,2900,2900,2900,2900,0
2017-08-30,2900,2900,2900,2900,0
2017-08-31,2900,2900,2900,2900,0
2017-09-01,2900,2900,2900,2900,0
2017-09-04,2900,2900,2900,2900,0
2017-09-05,2900,2900,2900,2900,0
2017-09-06,2900,2900,2900,2900,0
2017-09-07,2900,2900,2900,2900,0
2017-09-08,2900,2900,2900,2900,0
2017-09-11,2900,2900,2900,2900,0
2017-09-12,2900,2900,2900,2900,0
2017-09-13,2900,2900,2900,2900,0
2017-09-14,2900,2900,2900,2900,0
2017-09-15,2900,2900,2900,2900,0
2017-09-18,2900,2900,2900,2900,0
2017-09-19,2900,2900,2900,2900,0
2017-09-20,2900,2900,2900,2900,0
2017-09-21,2900,2900,2900,2900,0
2017-09-22,2900,2900,2900,2900,0
2017-09-25,2900,2900,2900,2900,0
2017-09-26,2900,2900,2900,2900,100000
2017-09-27,2900,2900,2900,2900,0
2017-09-28,2900,2900,2900,2900,0
2017-09-29,2900,2900,2900,2900,0
2017-10-02,2900,2900,2900,2900,0
2017-10-03,2900,2900,2900,2900,0
2017-10-04,2900,2900,2900,2900,0
2017-10-05,2900,2900,2900,2900,0
2017-10-06,2900,2900,2900,2900,0
2017-10-09,3000,3000,3000,3000,500
2017-10-10,3000,3000,3000,3000,0
2017-10-11,3000,3000,3000,3000,0
2017-10-12,3000,3000,3000,3000,0
2017-10-13,3000,3000,3000,3000,0
2017-10-16,3000,3000,3000,3000,0
2017-10-17,3000,3000,3000,3000,0
2017-10-18,3000,3000,3000,3000,0
2017-10-19,3000,3000,3000,3000,0
2017-10-20,3000,3000,3000,3000,0
2017-10-23,3000,3000,3000,3000,0
2017-10-24,3000,3000,3000,3000,0
2017-10-25,3000,3000,3000,3000,0
2017-10-26,3000,3000,3000,3000,0
2017-10-27,3000,3000,3000,3000,0
2017-10-30,3000,3000,3000,3000,0
2017-10-31,3000,3000,3000,3000,0
2017-11-01,3000,3000,3000,3000,0
2017-11-02,3000,3000,3000,3000,0
2017-11-03,3000,3000,3000,3000,0
2017-11-06,3000,3000,3000,3000,0
2017-11-07,3000,3000,3000,3000,0
2017-11-08,3000,3000,3000,3000,0
2017-11-09,3000,3000,3000,3000,0
2017-11-10,3000,3000,3000,3000,0
2017-11-13,3000,3000,3000,3000,0
2017-11-14,3000,3000,3000,3000,0
2017-11-15,3000,3000,3000,3000,0
2017-11-16,3000,3000,3000,3000,0
2017-11-17,3000,3000,3000,3000,0
2017-11-20,3000,3000,3000,3000,0
2017-11-21,3000,3000,3000,3000,0
2017-11-22,3000,3000,3000,3000,0
2017-11-23,3000,3000,3000,3000,0
2017-11-24,3000,3000,3000,3000,0
2017-11-27,3000,3000,3000,3000,0
2017-11-28,3000,3000,3000,3000,0
2017-11-29,3000,3000,3000,3000,0
2017-11-30,3000,3000,3000,3000,0
2017-12-01,3000,3000,3000,3000,0
2017-12-04,3000,3000,3000,3000,0
2017-12-05,3000,3000,3000,3000,0
2017-12-06,3000,3000,3000,3000,0
2017-12-07,3000,3000,3000,3000,0
2017-12-08,3000,3000,3000,3000,0
2017-12-11,3000,3000,3000,3000,0
2017-12-12,3000,3000,3000,3000,0
2017-12-13,3000,3000,3000,3000,0
2017-12-14,3000,3000,3000,3000,0
2017-12-15,2990,2990,2990,2990,100
2017-12-18,2990,2990,2990,2990,0
2017-12-19,2990,2990,2990,2990,0
2017-12-20,2990,2990,2990,2990,0
2017-12-21,2990,2990,2990,2990,0
2017-12-22,2990,2990,2990,2990,0
2017-12-25,2990,2990,2990,2990,0
2017-12-26,2990,2990,2990,2990,0
2017-12-27,2990,2990,2990,2990,4100
2017-12-28,2990,2990,2990,2990,0
2017-12-29,2990,2990,2990,2990,0
2018-01-01,2990,2990,2990,2990,0
2018-01-02,2990,2990,2990,2990,0
2018-01-03,2990,2990,2990,2990,0
2018-01-04,2990,2990,2990,2990,0
2018-01-05,2990,2990,2990,2990,0
2018-01-08,2990,2990,2990,2990,0
2018-01-09,2990,2990,2990,2990,0
2018-01-10,2990,2990,2990,2990,0
2018-01-11,2990,2990,2990,2990,0
2018-01-12,2990,2990,2990,2990,0
2018-01-15,2990,2990,2990,2990,0
2018-01-16,2990,2990,2990,2990,0
2018-01-17,2990,2990,2990,2990,0
2018-01-18,2990,2990,2990,2990,0
2018-01-19,2980,2980,2990,2990,5100
2018-01-22,2990,2990,2990,2990,0
2018-01-23,2990,2990,2990,2990,0
2018-01-24,2990,2990,2990,2990,0
2018-01-25,2990,2990,2990,2990,0
2018-01-26,2990,2990,2990,2990,0
2018-01-29,2990,2990,2990,2990,0
2018-01-30,2990,2990,2990,2990,0
2018-01-31,2990,2990,2990,2990,0
2018-02-01,2990,2990,2990,2990,0
2018-02-02,2990,2990,2990,2990,0
2018-02-05,2990,2990,2990,2990,0
2018-02-06,2990,2990,2990,2990,0
2018-02-07,2990,2990,2990,2990,0
2018-02-08,2990,2990,2990,2990,0
2018-02-09,2990,2990,2990,2990,0
2018-02-12,2990,2990,2990,2990,0
2018-02-13,2990,2990,2990,2990,0
2018-02-14,2990,2990,2990,2990,0
2018-02-15,2990,2990,2990,2990,0
2018-02-16,2990,2990,2990,2990,0
2018-02-19,2250,2250,2600,2330,22800
2018-02-20,2360,2340,2360,2360,10900
2018-02-21,2400,2390,2420,2390,103600
2018-02-22,2320,2320,2320,2320,200
2018-02-23,2450,2450,2450,2450,100
2018-02-26,2450,2450,2450,2450,0
2018-02-27,2250,2100,2250,2100,141300
2018-02-28,2100,2100,2250,2250,8500
2018-03-01,2250,2250,2600,2600,10400
2018-03-02,2600,2560,2650,2600,39600
2018-03-05,2600,2600,2600,2600,0
2018-03-06,2600,2600,2600,2600,0
2018-03-07,2340,2300,2550,2550,40400
2018-03-08,2600,2300,2650,2520,1700
2018-03-09,2530,2530,2580,2580,200
2018-03-12,2530,2530,2640,2570,2600
2018-03-13,2520,2520,2520,2520,400
2018-03-14,2570,2550,2570,2550,400
2018-03-15,2550,2490,2550,2490,12600
2018-03-16,2530,2530,2580,2580,200
2018-03-19,2110,2000,2280,2110,482000
2018-03-20,2120,2010,2250,2080,586800
2018-03-21,2150,2080,2180,2100,1265700
2018-03-22,2190,2040,2190,2100,13700
2018-03-23,2160,2000,2160,2120,132800
2018-03-26,2210,2130,2210,2130,600
2018-03-27,2200,1990,2200,1995,775700
2018-03-28,2010,2010,2090,2070,7600
2018-03-29,1910,1910,2070,2000,8200
2018-03-30,2000,2000,2000,2000,0
2018-04-02,2040,2000,2100,2000,929100
2018-04-03,2040,2000,2050,2000,752200
2018-04-04,2030,1980,2040,2000,160300
2018-04-05,2040,1950,2090,2000,172600
2018-04-06,2070,1960,2090,2090,559500
2018-04-09,2010,1995,2070,1995,209000
2018-04-10,2000,1995,2060,1995,143900
2018-04-11,1995,1995,2100,2000,701100
2018-04-12,2000,2000,2000,2000,703600
2018-04-13,2000,2000,2000,2000,700400
2018-04-16,2000,2000,2000,2000,0
2018-04-17,2000,2000,2000,2000,0
2018-04-18,2000,1950,2000,1950,16000
2018-04-19,1950,1950,1950,1950,0
2018-04-20,1950,1950,1950,1950,0
2018-04-23,1960,1900,1960,1950,500
2018-04-24,1950,1950,1950,1950,200
2018-04-25,1950,1950,1950,1950,0
2018-04-26,1950,1950,1950,1950,0
2018-04-27,1950,1950,1950,1950,0
2018-04-30,1925,1925,1925,1925,200
2018-05-01,1925,1925,1925,1925,0
2018-05-02,1925,1925,1950,1950,700
2018-05-03,1950,1950,1950,1950,0
2018-05-04,2000,2000,2000,2000,100
2018-05-07,2000,2000,2000,2000,0
2018-05-08,1900,1900,1900,1900,600
2018-05-09,1900,1900,1900,1900,100
2018-05-10,1900,1900,1900,1900,0
2018-05-11,1900,1900,1900,1900,500
2018-05-14,1900,1900,1900,1900,300
2018-05-15,1950,1900,1950,1900,1700
2018-05-16,1900,1900,1900,1900,0
2018-05-17,1900,1900,1900,1900,6200
2018-05-18,1900,1900,1900,1900,0
2018-05-21,1900,1900,1900,1900,1000
2018-05-22,1900,1900,1900,1900,0
2018-05-23,1900,1900,1905,1900,15600
2018-05-24,1900,1900,1900,1900,600
2018-05-25,1900,1900,1900,1900,0
2018-05-28,1900,1900,1900,1900,0
2018-05-29,1900,1900,1900,1900,0
2018-05-30,1900,1900,1900,1900,0
2018-05-31,1900,1900,1900,1900,400
2018-06-01,1900,1900,1900,1900,0
2018-06-04,1900,1900,1900,1900,0
2018-06-05,1900,1900,1900,1900,0
2018-06-06,1900,1900,1900,1900,0
2018-06-07,1920,1920,1920,1920,100
2018-06-08,1920,1920,1920,1920,0
2018-06-11,1920,1920,1920,1920,0
2018-06-12,1920,1920,1920,1920,0
2018-06-13,1920,1920,1920,1920,0
2018-06-14,1920,1920,1920,1920,0
2018-06-15,1920,1920,1920,1920,0
2018-06-18,1920,1920,1920,1920,0
2018-06-19,1920,1920,1920,1920,0
2018-06-20,1920,1920,1920,1920,0
2018-06-21,1920,1920,1920,1920,0
2018-06-22,1920,1920,1920,1920,0
2018-06-25,1920,1920,1920,1920,0
2018-06-26,1800,1800,1900,1900,10100
2018-06-27,1900,1810,1900,1810,6100
2018-06-28,1800,1800,1850,1850,5400
2018-06-29,1850,1850,1850,1850,0
2018-07-02,1800,1800,1800,1800,66000
2018-07-03,1800,1800,1800,1800,0
2018-07-04,1800,1800,1800,1800,0
2018-07-05,1800,1800,1800,1800,0
2018-07-06,1700,1700,1700,1700,13000
2018-07-09,1700,1700,1700,1700,0
2018-07-10,1700,1700,1700,1700,500
2018-07-11,1710,1700,1710,1700,599500
2018-07-12,1700,1700,1700,1700,3000
2018-07-13,1705,1700,1705,1700,2309300
2018-07-16,1705,1700,1705,1700,1000000
2018-07-17,1700,1700,1700,1700,0
2018-07-18,1700,1700,1700,1700,0
2018-07-19,1700,1700,1700,1700,0
2018-07-20,1700,1700,1700,1700,0
2018-07-23,1700,1700,1700,1700,0
2018-07-24,1700,1700,1700,1700,0
2018-07-25,1700,1700,1700,1700,0
2018-07-26,1700,1700,1700,1700,0
2018-07-27,1700,1700,1700,1700,0
2018-07-30,1700,1700,1700,1700,0
2018-07-31,1710,1710,1765,1765,500
2018-08-01,1765,1765,1765,1765,0
2018-08-02,1750,1750,1750,1750,22600
2018-08-03,1750,1750,1750,1750,0
2018-08-06,1750,1750,1750,1750,0
2018-08-07,1750,1750,1750,1750,0
2018-08-08,1900,1900,1900,1900,100
2018-08-09,1900,1700,1900,1700,2700
2018-08-10,1700,1700,1700,1700,100
2018-08-13,1700,1700,1700,1700,0
2018-08-14,1600,1600,1600,1600,200100
2018-08-15,1600,1600,1600,1600,300000
2018-08-16,1610,1600,1610,1600,500000
2018-08-17,1600,1600,1600,1600,0
2018-08-20,1600,1600,1605,1600,400000
2018-08-21,1750,1750,1750,1750,200
2018-08-22,1750,1750,1750,1750,0
2018-08-23,1750,1710,1750,1710,1300
2018-08-24,1710,1710,1710,1710,0
2018-08-27,1750,1645,1750,1695,900
2018-08-28,1695,1695,1695,1695,0
2018-08-29,1695,1695,1695,1695,0
2018-08-30,1695,1695,1695,1695,0
2018-08-31,1695,1695,1695,1695,0
2018-09-03,1665,1650,1915,1915,100900
2018-09-04,1915,1900,1915,1900,3500
2018-09-05,1800,1750,2250,2060,17500
2018-09-06,2060,1750,2060,1800,53600
2018-09-07,1750,1750,1895,1820,5400
2018-09-10,1815,1815,1990,1970,3000
2018-09-11,1970,1970,1970,1970,0
2018-09-12,2000,1975,2000,1975,1200
2018-09-13,1900,1900,1950,1945,800
2018-09-14,1965,1940,1965,1940,600
2018-09-17,1940,1940,1940,1940,0
2018-09-18,1940,1940,1940,1940,0
2018-09-19,1800,1800,1925,1925,600
2018-09-20,1925,1925,1925,1925,0
2018-09-21,1800,1800,1935,1930,1000
2018-09-24,1630,1630,1920,1805,4300
2018-09-25,1850,1660,1935,1895,8600
2018-09-26,1945,1805,1945,1860,4300
2018-09-27,1910,1810,1950,1885,7000
2018-09-28,1835,1785,1940,1940,8900
2018-10-01,1985,1825,1985,1825,2500
2018-10-02,1875,1705,1910,1870,4400
2018-10-03,1900,1885,1900,1890,1400
2018-10-04,1885,1775,1940,1900,1300
2018-10-05,1900,1900,1900,1900,0
2018-10-08,1750,1750,1895,1880,1900
2018-10-09,1900,1810,1930,1890,2100
2018-10-10,1890,1890,1890,1890,0
2018-10-11,1890,1890,1890,1890,0
2018-10-12,1850,1790,1925,1800,243400
2018-10-15,1780,1780,1780,1780,2600
2018-10-16,1780,1780,1800,1800,501200
2018-10-17,1800,1780,1800,1800,500000
2018-10-18,1800,1800,1800,1800,0
2018-10-19,1800,1800,1800,1800,0
2018-10-22,1750,1750,1800,1800,8200
2018-10-23,1825,1800,1875,1810,63900
2018-10-24,1800,1800,1800,1800,200100
2018-10-25,1800,1800,1800,1800,0
2018-10-26,1820,1820,1820,1820,300
2018-10-29,1820,1820,1820,1820,0
2018-10-30,1820,1820,1820,1820,0
2018-10-31,1820,1820,1820,1820,0
2018-11-01,1790,1790,1820,1820,6600
2018-11-02,1825,1825,1895,1890,11600
2018-11-05,1850,1850,1850,1850,1100
2018-11-06,1855,1790,1855,1800,3600
2018-11-07,1800,1800,1800,1800,2200
2018-11-08,1890,1870,2240,2240,540300
2018-11-09,2240,2240,2240,2240,0
2018-11-12,2240,2240,2240,2240,0
2018-11-13,2240,2240,2240,2240,0
2018-11-14,2240,2240,2240,2240,0
2018-11-15,2240,2240,2240,2240,0
2018-11-16,2240,2240,2240,2240,0
2018-11-19,2190,2190,2190,2190,100
2018-11-20,2190,2190,2190,2190,0
2018-11-21,2190,2190,2190,2190,0
2018-11-22,2190,2190,2190,2190,0
2018-11-23,2190,2190,2190,2190,0
2018-11-26,2190,2190,2190,2190,0
2018-11-27,2190,2190,2190,2190,0
2018-11-28,2190,2190,2190,2190,0
2018-11-29,2190,2050,2190,2180,2400
2018-11-30,2050,1980,2200,1980,4900
2018-12-03,1980,1805,2170,2170,3100
2018-12-04,2140,2140,2140,2140,1400
2018-12-05,2140,2140,2160,2160,1100
2018-12-06,2120,2120,2120,2120,1000
2018-12-07,2120,2120,2120,2120,0
2018-12-10,2190,2050,2240,2190,2900
2018-12-11,2240,2050,2240,2220,9100
2018-12-12,2210,2130,2240,2200,3000
2018-12-13,2240,2080,2240,2180,4900
2018-12-14,2200,2030,2240,2190,8600
2018-12-17,2230,1965,2230,2050,7800
2018-12-18,2100,2010,2240,2210,10800
2018-12-19,2120,1950,2200,2080,6600
2018-12-20,2150,2010,2190,2110,2600
2018-12-21,2180,1990,2200,2150,3600
2018-12-24,2150,2150,2150,2150,0
2018-12-25,2150,2150,2150,2150,0
2018-12-26,2150,2150,2150,2150,0
2018-12-27,2140,2120,2140,2120,1000
2018-12-28,2130,2020,2130,2100,4700
2018-12-31,2100,2100,2100,2100,0
2019-01-01,2100,2100,2100,2100,0
2019-01-02,2100,2100,2200,2100,104500
2019-01-03,2100,2100,2100,2100,1400
2019-01-04,2100,2090,2100,2100,198800
2019-01-07,2000,1995,2000,1995,7300
2019-01-08,1995,1995,1995,1995,0
2019-01-09,1995,1995,1995,1995,0
2019-01-10,2000,1900,2000,1900,5100
2019-01-11,1930,1900,1930,1900,11700
2019-01-14,1900,1900,1900,1900,11600
2019-01-15,1900,1900,1900,1900,4500
2019-01-16,1900,1900,1900,1900,6000
2019-01-17,1900,1865,1900,1870,22500
2019-01-18,1870,1865,1870,1865,22700
2019-01-21,1875,1865,1875,1865,2300
2019-01-22,1865,1865,1870,1870,3200
2019-01-23,1870,1865,1950,1950,26100
2019-01-24,1900,1860,1950,1870,34800
2019-01-25,1900,1860,1945,1870,9400
2019-01-28,1870,1870,1870,1870,0
2019-01-29,1870,1800,2080,1825,32200
2019-01-30,1850,1850,1850,1850,800
2019-01-31,1850,1850,1850,1850,0
2019-02-01,1920,1920,1920,1920,100
2019-02-04,1920,1900,1920,1920,79900
2019-02-05,1920,1920,1920,1920,0
2019-02-06,1920,1920,1965,1965,800
2019-02-07,1965,1965,1965,1965,0
2019-02-08,2000,2000,2000,2000,6700
2019-02-11,2000,2000,2000,2000,0
2019-02-12,2000,2000,2000,2000,1200
2019-02-13,2000,1995,2000,2000,51800
2019-02-14,2000,2000,2000,2000,1800
2019-02-15,2000,2000,2000,2000,9500
2019-02-18,2000,2000,2000,2000,0
2019-02-19,2050,2050,2050,2050,100
2019-02-20,2050,2050,2050,2050,0
2019-02-21,2050,2050,2050,2050,0
2019-02-22,2050,2050,2050,2050,0
2019-02-25,2050,2050,2200,2200,43200
2019-02-26,2200,2200,2200,2200,0
2019-02-27,2200,2200,2200,2200,7000
2019-02-28,2200,2200,2200,2200,54000
2019-03-01,2200,2200,2200,2200,0
2019-03-04,2200,2200,2200,2200,0
2019-03-05,2200,2200,2200,2200,0
2019-03-06,2200,2200,2200,2200,0
2019-03-07,2200,2200,2200,2200,0
2019-03-08,2200,2200,2200,2200,0
2019-03-11,2200,2200,2200,2200,0
2019-03-12,2100,2100,2100,2100,500
2019-03-13,2100,2100,2100,2100,0
2019-03-14,2100,2100,2100,2100,0
2019-03-15,2100,2100,2100,2100,0
2019-03-18,2100,2100,2100,2100,0
2019-03-19,2100,2100,2100,2100,0
2019-03-20,2100,2100,2100,2100,0
2019-03-21,2100,2100,2100,2100,0
2019-03-22,2100,2100,2100,2100,0
2019-03-25,2100,2100,2100,2100,0
2019-03-26,2200,2200,2200,2200,3300
2019-03-27,2200,2200,2200,2200,0
2019-03-28,2200,2200,2200,2200,100
2019-03-29,2200,2200,2200,2200,0
2019-04-01,2200,2200,2200,2200,500
2019-04-02,2250,2250,2250,2250,97500
2019-04-03,2250,2250,2250,2250,0
2019-04-04,2250,2250,2250,2250,0
2019-04-05,2250,2250,2250,2250,30300
2019-04-08,2240,2240,2250,2250,3200
2019-04-09,2250,2250,2250,2250,1000
2019-04-10,2250,2250,2250,2250,0
2019-04-11,2250,2250,2250,2250,0
2019-04-12,2350,2350,2350,2350,100
2019-04-15,2350,2350,2350,2350,0
2019-04-16,2350,2350,2350,2350,0
2019-04-17,2350,2350,2350,2350,0
2019-04-18,2390,2340,2390,2390,6400
2019-04-19,2390,2390,2390,2390,0
2019-04-22,2390,2390,2390,2390,500
2019-04-23,2390,2390,2390,2390,0
2019-04-24,2390,2390,2390,2390,0
2019-04-25,2390,2390,2390,2390,0
2019-04-26,2390,2390,2390,2390,0
2019-04-29,2290,2290,2290,2290,500
2019-04-30,2290,2290,2290,2290,0
2019-05-01,2290,2290,2290,2290,0
2019-05-02,2390,2300,2400,2300,236000
2019-05-03,2300,2210,2300,2300,100900
2019-05-06,2300,2300,2300,2300,30000
2019-05-07,2300,2300,2390,2390,3300
2019-05-08,2390,2390,2390,2390,0
2019-05-09,2390,2390,2390,2390,0
2019-05-10,2390,2390,2390,2390,1000
2019-05-13,2400,2400,2400,2400,62300
2019-05-14,2400,2400,2400,2400,0
2019-05-15,2400,2400,2400,2400,49000
2019-05-16,2400,2400,2400,2400,230000
2019-05-17,2480,2400,2480,2400,60500
2019-05-20,2400,2400,2400,2400,40800
2019-05-21,2400,2400,2400,2400,225000
2019-05-22,2400,2400,2400,2400,0
2019-05-23,2400,2400,2400,2400,100
2019-05-24,2400,2400,2400,2400,0
2019-05-27,2480,2460,2480,2460,16800
2019-05-28,2360,2300,2420,2420,9500
2019-05-29,2420,2420,2420,2420,200
2019-05-30,2420,2420,2420,2420,0
2019-05-31,2420,2420,2420,2420,900
2019-06-03,2420,2420,2420,2420,0
2019-06-04,2420,2420,2420,2420,0
2019-06-05,2420,2420,2420,2420,0
2019-06-06,2420,2420,2420,2420,0
2019-06-07,2420,2420,2420,2420,0
2019-06-10,2420,2420,2420,2420,0
2019-06-11,2420,2420,2470,2470,1400
2019-06-12,2480,2480,2480,2480,69500
2019-06-13,2480,2480,2480,2480,0
2019-06-14,2480,2480,2480,2480,0
2019-06-17,2480,2480,2480,2480,0
2019-06-18,2480,2480,2480,2480,0
2019-06-19,2480,2480,2480,2480,0
2019-06-20,2480,2480,2480,2480,2900
2019-06-21,2480,2480,2480,2480,0
2019-06-24,2400,2400,2470,2470,3100
2019-06-25,2470,2470,2470,2470,0
2019-06-26,2470,2470,2470,2470,0
2019-06-27,2400,2400,2400,2400,300
2019-06-28,2400,2400,2400,2400,800
2019-07-01,2350,2350,2350,2350,1500
2019-07-02,2400,2400,2400,2400,1000
2019-07-03,2450,2450,2450,2450,100
2019-07-04,2480,2480,2480,2480,1500
2019-07-05,2480,2480,2480,2480,200
2019-07-08,2480,2480,2480,2480,0
2019-07-09,2480,2480,2480,2480,0
2019-07-10,2400,2370,2400,2370,10600
2019-07-11,2350,2350,2350,2350,5000
2019-07-12,2350,2350,2350,2350,0
2019-07-15,2350,2350,2350,2350,200
2019-07-16,2350,2350,2350,2350,1000
2019-07-17,2350,2350,2350,2350,0
2019-07-18,2410,2400,2410,2400,2000
2019-07-19,2400,2400,2400,2400,0
2019-07-22,2400,2400,2400,2400,0
2019-07-23,2400,2400,2400,2400,0
2019-07-24,2410,2410,2410,2410,100
2019-07-25,2450,2400,2450,2400,5200
2019-07-26,2400,2400,2400,2400,10000
2019-07-29,2400,2400,2400,2400,0
2019-07-30,2350,2350,2350,2350,900
2019-07-31,2350,2350,2350,2350,0
2019-08-01,2350,2350,2350,2350,0
2019-08-02,2350,2350,2350,2350,0
2019-08-05,2350,2350,2350,2350,0
2019-08-06,2350,2350,2350,2350,0
2019-08-07,2350,2350,2350,2350,0
2019-08-08,2350,2350,2350,2350,0
2019-08-09,2350,2350,2350,2350,0
2019-08-12,2350,2350,2350,2350,2100
2019-08-13,2350,2350,2350,2350,4000
2019-08-14,2350,2300,2350,2340,11900
2019-08-15,2340,2340,2340,2340,0
2019-08-16,2340,2340,2340,2340,300
2019-08-19,2340,2340,2340,2340,0
2019-08-20,2340,2340,2340,2340,0
2019-08-21,2340,2340,2340,2340,0
2019-08-22,2340,2340,2340,2340,0
2019-08-23,2340,2340,2340,2340,1400
2019-08-26,2340,2340,2340,2340,0
2019-08-27,2340,2340,2340,2340,700
2019-08-28,2300,2300,2300,2300,60100
2019-08-29,2300,2300,2300,2300,0
2019-08-30,2300,2300,2300,2300,7600
2019-09-02,2300,2300,2300,2300,700
2019-09-03,2300,2300,2300,2300,0
2019-09-04,2300,2300,2300,2300,11000
2019-09-05,2300,2300,2300,2300,0
2019-09-06,2300,2300,2300,2300,0
2019-09-09,2300,2300,2300,2300,0
2019-09-10,2300,2300,2300,2300,0
2019-09-11,2200,2200,2200,2200,600
2019-09-12,2300,2150,2300,2150,1000
2019-09-13,2150,2150,2150,2150,14300
2019-09-16,2250,2250,2250,2250,15400
2019-09-17,2250,2250,2250,2250,0
2019-09-18,2250,2250,2250,2250,0
2019-09-19,2250,2250,2250,2250,100
2019-09-20,2150,2150,2150,2150,100
2019-09-23,2150,2150,2150,2150,0
2019-09-24,2150,2150,2150,2150,0
2019-09-25,2150,2150,2150,2150,0
2019-09-26,2150,2150,2150,2150,0
2019-09-27,2150,2150,2150,2150,0
2019-09-30,2150,2150,2150,2150,1900
2019-10-01,2150,2150,2150,2150,500
2019-10-02,2150,2150,2150,2150,0
2019-10-03,2150,2150,2150,2150,0
2019-10-04,2100,2100,2100,2100,5000
2019-10-07,2100,2100,2100,2100,0
2019-10-08,2100,2100,2100,2100,0
2019-10-09,2100,2100,2100,2100,3700
2019-10-10,2100,2100,2100,2100,0
2019-10-11,2100,2100,2100,2100,0
2019-10-14,2100,2100,2100,2100,0
2019-10-15,2100,2100,2100,2100,0
2019-10-16,2100,2100,2100,2100,0
2019-10-17,2100,2100,2100,2100,0
2019-10-18,2100,2100,2100,2100,0
2019-10-21,2100,2100,2100,2100,0
2019-10-22,2100,2100,2100,2100,1600
2019-10-23,2100,2100,2100,2100,1900
2019-10-24,2100,2100,2100,2100,0
2019-10-25,2100,2100,2100,2100,0
2019-10-28,2200,2110,2200,2110,200
2019-10-29,2110,2110,2110,2110,0
2019-10-30,2110,2110,2110,2110,0
2019-10-31,2110,2110,2110,2110,0
2019-11-01,2110,2110,2110,2110,0
2019-11-04,2110,2110,2110,2110,0
2019-11-05,2110,2110,2110,2110,0
2019-11-06,2110,2110,2110,2110,0
2019-11-07,2110,2110,2110,2110,0
2019-11-08,2110,2110,2110,2110,0
2019-11-11,2110,2110,2110,2110,0
2019-11-12,2110,2110,2110,2110,0
2019-11-13,2110,2110,2110,2110,0
2019-11-14,1905,1900,1905,1900,3000
2019-11-15,1905,1900,1905,1900,25500
2019-11-18,1900,1900,1900,1900,200
2019-11-19,1900,1900,1900,1900,0
2019-11-20,1900,1900,1900,1900,0
2019-11-21,1900,1900,1900,1900,0
2019-11-22,1900,1900,1900,1900,0
2019-11-25,1900,1900,1900,1900,0
2019-11-26,1900,1900,1900,1900,0
2019-11-27,1900,1900,1900,1900,100
2019-11-28,1900,1900,2290,2290,15200
2019-11-29,2290,2250,2290,2250,9900
2019-12-02,2250,2250,2250,2250,0
2019-12-03,2250,2250,2250,2250,0
2019-12-04,2200,2000,2240,2000,18100
2019-12-05,2000,2000,2000,2000,600
2019-12-06,2000,2000,2000,2000,16000
2019-12-09,2000,2000,2000,2000,15700
2019-12-10,2000,2000,2000,2000,0
2019-12-11,2000,2000,2000,2000,0
2019-12-12,2000,2000,2000,2000,9100
2019-12-13,2000,2000,2000,2000,0
2019-12-16,1900,1900,2000,2000,35300
2019-12-17,2000,2000,2000,2000,0
2019-12-18,2000,1950,2000,2000,15600
2019-12-19,2000,2000,2000,2000,0
2019-12-20,2000,2000,2000,2000,2500
2019-12-23,2000,2000,2000,2000,1500
2019-12-24,2000,2000,2000,2000,0
2019-12-25,2000,2000,2000,2000,0
2019-12-26,2050,2050,2050,2050,3100
2019-12-27,2050,2050,2050,2050,0
2019-12-30,2050,2050,2050,2050,0
2019-12-31,2050,2050,2050,2050,0
2020-01-01,2050,2050,2050,2050,0
2020-01-02,2050,2050,2050,2050,0
2020-01-03,2050,2050,2050,2050,0
2020-01-06,2050,2050,2050,2050,0
2020-01-07,2050,2050,2050,2050,0
2020-01-08,2050,2050,2050,2050,0
2020-01-09,2050,2050,2050,2050,0
2020-01-10,2200,2200,2200,2200,100
2020-01-13,2200,2200,2200,2200,0
2020-01-14,2200,2200,2200,2200,0
2020-01-15,2200,2200,2200,2200,100
2020-01-16,2200,2200,2200,2200,0
2020-01-17,2200,2200,2200,2200,0
2020-01-20,1900,1900,1965,1950,6000
2020-01-21,1950,1950,1950,1950,500
2020-01-22,1950,1950,1950,1950,400
2020-01-23,1900,1850,1900,1850,2900
2020-01-24,1825,1825,1825,1825,5000
2020-01-27,1825,1800,1825,1800,54500
2020-01-28,1775,1775,1800,1800,267000
2020-01-29,1750,1750,1780,1780,200
2020-01-30,1780,1780,1780,1780,0
2020-01-31,1800,1750,1800,1750,100000
2020-02-03,1850,1850,2100,2100,1400
2020-02-04,2100,2100,2100,2100,0
2020-02-05,2100,2100,2100,2100,0
2020-02-06,2100,2100,2100,2100,0
2020-02-07,2100,2100,2100,2100,0
2020-02-10,2100,2100,2100,2100,0
2020-02-11,2100,2100,2100,2100,0
2020-02-12,2100,2100,2100,2100,0
2020-02-13,2100,2100,2100,2100,0
2020-02-14,2100,2100,2100,2100,0
2020-02-17,2100,2100,2100,2100,100
2020-02-18,2100,2100,2100,2100,0
2020-02-19,2100,2100,2100,2100,0
2020-02-20,1800,1800,1850,1850,25300
2020-02-21,1850,1850,1850,1850,1000
2020-02-24,1900,1850,1900,1850,17600
2020-02-25,1900,1900,2190,2000,5800
2020-02-26,2000,2000,2500,2270,5700
2020-02-27,2270,1890,2270,2270,9800
2020-02-28,1950,1950,2250,2250,2100
2020-03-02,1750,1705,2240,2240,2700
2020-03-03,2240,2240,2240,2240,0
2020-03-04,2240,2240,2240,2240,0
2020-03-05,2240,2240,2240,2240,0
2020-03-06,2240,2240,2240,2240,0
2020-03-09,2240,2240,2240,2240,0
2020-03-10,2240,2240,2240,2240,0
2020-03-11,2240,2240,2240,2240,0
2020-03-12,2020,2020,2020,2020,600
2020-03-13,2020,2020,2020,2020,0
2020-03-16,2020,2020,2020,2020,0
2020-03-17,2100,2100,2150,2150,600
2020-03-18,2150,2150,2150,2150,0
2020-03-19,2000,2000,2000,2000,300
2020-03-20,2000,2000,2060,2060,1200
2020-03-23,1920,1920,1920,1920,200
2020-03-24,1790,1790,2050,2050,5900
2020-03-25,1790,1790,2050,2050,0
2020-03-26,1910,1910,1910,1910,100
2020-03-27,2050,1790,2050,1950,13900
2020-03-30,2050,2040,2270,2270,3300
2020-03-31,2350,2350,2350,2350,100
2020-04-01,2190,2190,2190,2190,1000
2020-04-02,2190,2190,2190,2190,0
2020-04-03,2190,2190,2190,2190,0
2020-04-06,2040,2040,2040,2040,13200
2020-04-07,2040,2000,2100,2000,45000
2020-04-08,2040,2040,2040,2040,2000
2020-04-09,2040,2040,2040,2040,0
2020-04-10,2040,2040,2040,2040,0
2020-04-13,2040,2040,2040,2040,800
2020-04-14,1950,1925,1950,1925,13200
2020-04-15,1950,1950,1950,1950,600
2020-04-16,1900,1900,1900,1900,800
2020-04-17,1900,1900,1900,1900,0
2020-04-20,1850,1850,1850,1850,3000
2020-04-21,1850,1850,1850,1850,3200
2020-04-22,1850,1850,1850,1850,100
2020-04-23,1850,1850,1850,1850,300
2020-04-24,1850,1850,1850,1850,0
2020-04-27,1750,1725,1750,1730,51800
2020-04-28,1735,1705,1735,1710,23400
2020-04-29,1710,1710,1710,1710,200
2020-04-30,1765,1765,1800,1800,1600
2020-05-01,1765,1765,1800,1800,0
2020-05-04,1800,1790,1850,1810,41200
2020-05-05,1810,1810,1840,1840,28500
2020-05-06,1840,1795,1840,1800,12000
2020-05-07,1840,1795,1840,1800,0
2020-05-08,1800,1795,1820,1810,32900
2020-05-11,1820,1820,1880,1875,116000
2020-05-12,1870,1870,2030,1975,308200
2020-05-13,1980,1970,1980,1970,105800
2020-05-14,1970,1960,1985,1980,94400
2020-05-15,1900,1845,1900,1845,7100
2020-05-18,1845,1720,1845,1720,46000
2020-05-19,1755,1680,1760,1755,12900
2020-05-20,1710,1700,1770,1765,4200
2020-05-21,1710,1700,1770,1765,0
2020-05-22,1710,1700,1770,1765,0
2020-05-25,1710,1700,1770,1765,0
2020-05-26,1760,1720,1770,1770,3500
2020-05-27,1725,1720,1740,1740,33000
2020-05-28,1715,1715,1740,1740,9900
2020-05-29,1740,1725,1740,1725,11200
2020-06-01,1740,1725,1740,1725,0
2020-06-02,1725,1720,1770,1730,2200
2020-06-03,1730,1730,1730,1730,2200
2020-06-04,1730,1730,1770,1760,3400
2020-06-05,1800,1760,1835,1760,1600
2020-06-08,1770,1770,1810,1780,6500
2020-06-09,1780,1775,1785,1775,40000
2020-06-10,1770,1755,1925,1905,156800
2020-06-11,1905,1800,1905,1800,112600
2020-06-12,1800,1785,1800,1785,6500
2020-06-15,1790,1750,1790,1750,1900
2020-06-16,1750,1750,1800,1800,7600
2020-06-17,1810,1810,1900,1850,6900
2020-06-18,1850,1820,1850,1850,12400
2020-06-19,1850,1850,1850,1850,0
2020-06-22,1850,1725,1850,1750,23100
2020-06-23,1835,1835,1880,1850,4700
2020-06-24,1850,1850,1850,1850,100
2020-06-25,1800,1800,1850,1840,20200
2020-06-26,1850,1850,1855,1855,7400
2020-06-29,1850,1850,1850,1850,4500
2020-06-30,1850,1850,1895,1850,4600
2020-07-01,1895,1850,1895,1850,600
2020-07-02,1895,1895,1895,1895,600
2020-07-03,1895,1850,1895,1850,300
2020-07-06,1860,1860,1860,1860,1500
2020-07-07,1860,1860,1860,1860,0
2020-07-08,1885,1885,1885,1885,3900
2020-07-09,1890,1890,1890,1890,4000
2020-07-10,1890,1890,1890,1890,0
2020-07-13,1900,1850,1900,1850,55800
2020-07-14,1885,1875,1890,1880,512400
2020-07-15,1880,1850,1880,1850,4100
2020-07-16,1885,1820,1885,1825,11800
2020-07-17,1825,1825,1870,1870,2300
2020-07-20,1870,1870,1870,1870,0
2020-07-21,1870,1870,1885,1875,25500
2020-07-22,1875,1875,1885,1875,11100
2020-07-23,1905,1850,1905,1880,110700
2020-07-24,1910,1880,1910,1880,16600
2020-07-27,1880,1860,1880,1880,13300
2020-07-28,1880,1880,1880,1880,3400
2020-07-29,1890,1850,1890,1850,3100
2020-07-30,1850,1800,1855,1805,31200
2020-07-31,1850,1800,1855,1805,0
2020-08-03,1805,1790,1810,1800,23900
2020-08-04,1750,1750,1810,1805,5700
2020-08-05,1805,1800,1805,1805,800
2020-08-06,1810,1810,1875,1875,14300
2020-08-07,1855,1800,1855,1850,72200
2020-08-10,1875,1850,1875,1850,35700
2020-08-11,1810,1810,1870,1850,27900
2020-08-12,1880,1875,1880,1875,4700
2020-08-13,1875,1875,1880,1875,2200
2020-08-14,1875,1850,1875,1850,11400
2020-08-17,1875,1850,1875,1850,0
2020-08-18,1840,1840,1885,1885,6900
2020-08-19,1885,1860,1900,1860,14400
2020-08-20,1885,1860,1900,1860,0
2020-08-21,1885,1860,1900,1860,0
2020-08-24,1840,1830,1845,1835,8300
2020-08-25,1880,1880,1900,1900,51500
2020-08-26,1900,1850,1900,1885,8100
2020-08-27,1890,1890,1900,1895,92500
2020-08-28,1890,1870,1890,1885,4100
2020-08-31,1885,1860,1900,1860,13500
2020-09-01,1860,1860,1900,1870,1800
2020-09-02,1880,1880,1880,1880,1000
2020-09-03,1900,1860,1900,1890,13800
2020-09-04,1860,1860,1890,1890,400
2020-09-07,1890,1890,1890,1890,19400
2020-09-08,1885,1880,1885,1880,8000
2020-09-09,1880,1850,1880,1850,19400
2020-09-10,1850,1820,1850,1850,7800
2020-09-11,1800,1800,1850,1830,353700
2020-09-14,1825,1825,1830,1825,74400
2020-09-15,1825,1825,1850,1825,34900
2020-09-16,1825,1780,1840,1840,8100
2020-09-17,1825,1825,1850,1835,2400
2020-09-18,1880,1840,1890,1840,14600
2020-09-21,1840,1820,1840,1820,11500
2020-09-22,1810,1780,1830,1830,55300
2020-09-23,1830,1800,1830,1800,27900
2020-09-24,1800,1770,1835,1835,313700
2020-09-25,1835,1780,1835,1830,9200
2020-09-28,1830,1825,1830,1830,32100
2020-09-29,1870,1830,1870,1835,82500
2020-09-30,1840,1840,1880,1840,129500
2020-10-01,1870,1850,1875,1860,51400
2020-10-02,1855,1855,1895,1855,15900
2020-10-05,1855,1850,1900,1855,2800
2020-10-06,1860,1845,1900,1845,20700
2020-10-07,1845,1845,1900,1845,15100
2020-10-08,1850,1850,2110,1865,34900
2020-10-09,1865,1850,1910,1850,13000
2020-10-12,1850,1845,1900,1890,77300
2020-10-13,1860,1850,1880,1860,27900
2020-10-14,1860,1860,1925,1890,2400
2020-10-15,1890,1850,1915,1915,10000
2020-10-16,1915,1850,1930,1850,16300
2020-10-19,1855,1850,1925,1925,1400
2020-10-20,1915,1855,1915,1855,26100
2020-10-21,1905,1855,1905,1895,27800
2020-10-22,1895,1855,1895,1880,8000
2020-10-23,1880,1880,1885,1880,12800
2020-10-26,1880,1875,1880,1880,5600
2020-10-27,1880,1865,1880,1865,22500
2020-10-28,1880,1865,1880,1865,0
2020-10-29,1880,1865,1880,1865,0
2020-10-30,1880,1865,1880,1865,0
2020-11-02,1865,1850,1895,1870,53800
2020-11-03,1905,1870,1905,1870,4100
2020-11-04,1860,1860,1905,1870,60300
2020-11-05,1860,1855,1860,1860,10100
2020-11-06,1860,1860,1860,1860,3600
2020-11-09,1860,1855,1890,1890,6200
2020-11-10,1890,1855,1890,1880,12500
2020-11-11,1880,1865,1890,1890,3200
2020-11-12,1870,1870,1870,1870,1200
2020-11-13,1870,1870,1895,1870,7700
2020-11-16,1875,1860,1890,1860,4600
2020-11-17,1860,1860,1900,1865,2500
2020-11-18,1865,1855,1895,1890,20500
2020-11-19,1890,1870,1895,1890,12900
2020-11-20,1860,1860,1890,1890,11000
2020-11-23,1890,1890,1950,1895,26600
2020-11-24,1900,1900,1995,1905,41000
2020-11-25,1920,1920,1970,1920,52700
2020-11-26,1920,1920,1975,1970,63700
2020-11-27,1970,1950,1970,1950,112300
2020-11-30,1960,1900,1960,1900,148400
2020-12-01,1905,1905,1910,1910,55400
2020-12-02,1950,1920,1950,1935,9800
2020-12-03,1935,1935,1995,1995,4400
2020-12-04,1995,1995,1995,1995,6300
2020-12-07,2030,1990,2030,2000,203700
2020-12-08,2000,2000,2010,2000,289900
2020-12-09,2000,2000,2010,2000,0
2020-12-10,2020,2000,2040,2030,465300
2020-12-11,2030,2020,2100,2100,539000
2020-12-14,2100,2100,2190,2130,600800
2020-12-15,2130,2120,2140,2130,165400
2020-12-16,2130,2100,2140,2120,141500
2020-12-17,2150,2110,2150,2130,31500
2020-12-18,2130,2110,2150,2120,198700
2020-12-21,2120,2100,2140,2100,172900
2020-12-22,2110,2110,2120,2110,59800
2020-12-23,2110,2110,2150,2110,59700
2020-12-24,2110,2110,2150,2110,0
2020-12-25,2110,2110,2150,2110,0
2020-12-28,2220,2150,2220,2150,8900
2020-12-29,2150,2130,2150,2130,21000
2020-12-30,2130,2100,2130,2110,18700
2020-12-31,2130,2100,2130,2110,0
2021-01-01,2130,2100,2130,2110,0
2021-01-04,2110,2100,2200,2120,50200
2021-01-05,2130,2130,2130,2130,2500
2021-01-06,2130,2110,2130,2110,6600
2021-01-07,2180,2110,2180,2110,5000
2021-01-08,2110,2100,2110,2110,151200
2021-01-11,2190,2160,2230,2230,314200
2021-01-12,2250,2240,2400,2350,777600
2021-01-13,2400,2360,2450,2370,883700
2021-01-14,2370,2340,2550,2480,2528000
2021-01-15,2500,2310,2550,2340,1385100
2021-01-18,2370,2370,2520,2460,1575300
2021-01-19,2500,2290,2510,2290,812000
2021-01-20,2400,2400,2500,2430,448500
2021-01-21,2490,2410,2570,2550,2554900
2021-01-22,2550,2410,2560,2490,1081400
2021-01-25,2550,2420,2550,2470,465000
2021-01-26,2520,2300,2520,2310,489000
2021-01-27,2300,2260,2470,2320,357700
2021-01-28,2320,2160,2320,2160,280200
2021-01-29,2160,2050,2190,2150,379100
2021-02-01,2150,2000,2150,2130,199400
2021-02-02,2130,2050,2150,2100,54200
2021-02-03,2100,2100,2250,2140,10800
2021-02-04,2250,2160,2380,2230,65400
2021-02-05,2300,2160,2300,2220,53700
2021-02-08,2220,2150,2280,2170,128100
2021-02-09,2170,2160,2260,2160,55800
2021-02-10,2190,2150,2190,2160,68900
2021-02-11,2150,2150,2200,2200,104100
2021-02-12,2150,2150,2200,2200,0
2021-02-15,2200,2180,2230,2190,35700
2021-02-16,2200,2190,2220,2190,40200
2021-02-17,2190,2190,2220,2210,47200
2021-02-18,2210,2190,2210,2200,65300
2021-02-19,2200,2160,2200,2160,303500
2021-02-22,2160,2160,2200,2160,424600
2021-02-23,2160,2150,2170,2150,18400
2021-02-24,2150,2150,2190,2160,37900
2021-02-25,2170,2070,2180,2110,650300
2021-02-26,2130,2130,2140,2140,145300
2021-03-01,2130,2130,2160,2140,33300
2021-03-02,2140,2130,2150,2140,106000
2021-03-03,2160,2160,2180,2160,40900
2021-03-04,2170,2150,2180,2150,220200
2021-03-05,2150,2100,2150,2120,17800
2021-03-08,2120,2120,2160,2160,14600
2021-03-09,2160,2130,2160,2130,24400
2021-03-10,2110,2110,2130,2120,19600
2021-03-11,2110,2110,2130,2120,0
2021-03-12,2150,2120,2160,2120,37600
2021-03-15,2120,2120,2160,2160,12200
2021-03-16,2160,2140,2160,2150,314300
2021-03-17,2160,2140,2160,2150,93600
2021-03-18,2180,2160,2240,2210,481900
2021-03-19,2210,2140,2210,2160,42900
2021-03-22,2160,2140,2190,2150,248700
2021-03-23,2150,2150,2220,2160,373100
2021-03-24,2160,2120,2190,2160,61000
2021-03-25,2150,2140,2170,2170,6200
2021-03-26,2140,2120,2170,2160,27800
2021-03-29,2160,2130,2170,2160,91500
2021-03-30,2160,2130,2160,2140,18300
2021-03-31,2150,2150,2180,2150,38300
2021-04-01,2190,2140,2200,2170,44800
2021-04-02,2190,2140,2200,2170,0
2021-04-05,2170,2140,2170,2140,47800
2021-04-06,2140,2130,2160,2160,44000
2021-04-07,2160,2150,2170,2170,71700
2021-04-08,2170,2160,2170,2160,17200
2021-04-09,2160,2160,2180,2160,114700
2021-04-12,2160,2160,2180,2170,136400
2021-04-13,2170,2150,2170,2160,10600
2021-04-14,2180,2150,2190,2160,21500
2021-04-15,2160,2130,2160,2150,234700
2021-04-16,2160,2150,2160,2160,8000
2021-04-19,2160,2150,2180,2170,39900
2021-04-20,2170,2160,2180,2160,5100
2021-04-21,2160,2150,2200,2190,14000
2021-04-22,2190,2150,2190,2170,15100
2021-04-23,2170,2150,2190,2190,15400
2021-04-26,2190,2170,2200,2180,10600
2021-04-27,2190,2160,2190,2180,17000
2021-04-28,2190,2180,2200,2180,53000
2021-04-29,2180,2170,2180,2170,15000
2021-04-30,2160,2160,2290,2260,1137500
2021-05-03,2300,2270,2310,2300,1056100
2021-05-04,2310,2280,2310,2310,423600
2021-05-05,2310,2290,2320,2300,314900
2021-05-06,2300,2280,2310,2300,428300
2021-05-07,2290,2270,2300,2300,84400
2021-05-10,2310,2300,2320,2310,155800
2021-05-11,2310,2260,2310,2270,137100
2021-05-12,2310,2260,2310,2270,0
2021-05-13,2310,2260,2310,2270,0
2021-05-14,2310,2260,2310,2270,0
2021-05-17,2270,2260,2270,2270,69500
2021-05-18,2270,2270,2280,2280,44300
2021-05-19,2280,2270,2300,2290,180800
2021-05-20,2300,2290,2320,2320,1553500
2021-05-21,2450,2380,2470,2410,1943300
2021-05-24,2410,2400,2430,2410,475200
2021-05-25,2410,2400,2430,2420,492100
2021-05-26,2410,2400,2430,2420,0
2021-05-27,2420,2400,2440,2440,1277600
2021-05-28,2450,2440,2490,2490,1433800
2021-05-31,2520,2490,2540,2530,3224500
2021-06-01,2520,2490,2540,2530,0
2021-06-02,2360,2360,2400,2360,625800
2021-06-03,2340,2200,2340,2250,1064500
2021-06-04,2250,2220,2300,2250,321800
2021-06-07,2250,2230,2250,2240,108000
2021-06-08,2230,2230,2250,2240,71900
2021-06-09,2240,2240,2320,2300,256900
2021-06-10,2300,2270,2380,2380,321400
2021-06-11,2380,2310,2380,2350,221600
2021-06-14,2350,2320,2380,2350,421700
2021-06-15,2350,2280,2350,2310,138300
2021-06-16,2310,2270,2320,2310,51600
2021-06-17,2310,2260,2310,2260,100100
2021-06-18,2260,2240,2300,2260,95600
2021-06-21,2260,2240,2330,2280,261900
2021-06-22,2280,2270,2330,2300,188100
2021-06-23,2300,2280,2300,2290,36500
2021-06-24,2290,2280,2310,2300,126400
2021-06-25,2310,2300,2310,2300,44600
2021-06-28,2300,2280,2330,2300,97200
2021-06-29,2290,2280,2310,2300,177900
2021-06-30,2290,2280,2300,2290,129300
2021-07-01,2290,2290,2330,2320,107700
2021-07-02,2330,2300,2340,2320,131400
2021-07-05,2320,2310,2330,2330,416100
2021-07-06,2330,2320,2340,2330,163100
2021-07-07,2330,2320,2330,2330,108500
2021-07-08,2330,2310,2330,2310,109900
2021-07-09,2310,2280,2310,2310,199500
2021-07-12,2310,2310,2370,2360,1327800
2021-07-13,2360,2300,2390,2360,631300
2021-07-14,2360,2310,2360,2330,230200
2021-07-15,2330,2290,2330,2300,304800
2021-07-16,2300,2290,2330,2300,137100
2021-07-19,2300,2290,2310,2290,52100
2021-07-20,2300,2290,2310,2290,0
2021-07-21,2300,2290,2310,2310,63200
2021-07-22,2320,2300,2330,2330,95400
2021-07-23,2340,2290,2340,2310,116600
2021-07-26,2310,2280,2310,2280,212300
2021-07-27,2270,2210,2300,2210,189300
2021-07-28,2250,2200,2300,2280,173000
2021-07-29,2280,2280,2340,2330,216900
2021-07-30,2330,2330,2430,2430,1125300
2021-08-02,2430,2330,2450,2360,124100
2021-08-03,2360,2340,2400,2340,58700
2021-08-04,2330,2300,2400,2300,191300
2021-08-05,2300,2270,2330,2310,54900
2021-08-06,2310,2280,2310,2290,108400
2021-08-09,2300,2290,2310,2310,60300
2021-08-10,2310,2290,2310,2300,71700
2021-08-11,2310,2290,2310,2300,0
2021-08-12,2300,2290,2320,2310,76900
2021-08-13,2320,2310,2350,2310,50800
2021-08-16,2310,2310,2330,2310,35000
2021-08-17,2310,2310,2330,2310,0
2021-08-18,2310,2310,2330,2310,71200
2021-08-19,2310,2280,2350,2290,149100
2021-08-20,2300,2280,2300,2290,26700
2021-08-23,2320,2290,2320,2300,21500
2021-08-24,2290,2280,2300,2280,61100
2021-08-25,2310,2270,2310,2280,54900
2021-08-26,2280,2270,2300,2280,57000
2021-08-27,2280,2270,2300,2290,46900
2021-08-30,2290,2270,2300,2290,59300
2021-08-31,2270,2270,2320,2300,36000
2021-09-01,2300,2270,2300,2300,54700
2021-09-02,2290,2280,2300,2300,19600
2021-09-03,2300,2300,2320,2310,89100
2021-09-06,2310,2280,2310,2290,154500
2021-09-07,2290,2290,2310,2310,14900
2021-09-08,2310,2290,2310,2290,54500
2021-09-09,2300,2290,2300,2290,59400
2021-09-10,2290,2280,2310,2280,105300
2021-09-13,2300,2280,2300,2280,68500
2021-09-14,2270,2270,2290,2270,104300
2021-09-15,2280,2270,2280,2280,79900
2021-09-16,2280,2260,2280,2280,48800
2021-09-17,2280,2270,2280,2270,97900
2021-09-20,2280,2260,2280,2260,70200
2021-09-21,2250,2200,2290,2270,59900
2021-09-22,2280,2250,2290,2250,47200
2021-09-23,2260,2210,2270,2240,180400
2021-09-24,2240,2200,2250,2230,101800
2021-09-27,2260,2250,2270,2250,10100
2021-09-28,2270,2220,2270,2220,71900
2021-09-29,2230,2220,2240,2240,36600
2021-09-30,2240,2240,2280,2260,53000
2021-10-01,2270,2250,2270,2250,68400
2021-10-04,2260,2250,2280,2250,82300
2021-10-05,2250,2250,2300,2290,63800
2021-10-06,2290,2280,2310,2300,32900
2021-10-07,2300,2280,2300,2300,64700
2021-10-08,2300,2290,2340,2310,20900
2021-10-11,2320,2300,2320,2310,79800
2021-10-12,2310,2290,2310,2300,38300
2021-10-13,2300,2280,2320,2300,30200
2021-10-14,2310,2290,2320,2310,33500
2021-10-15,2310,2260,2310,2270,167500
2021-10-18,2310,2260,2310,2300,39700
2021-10-19,2300,2290,2300,2300,50400
2021-10-20,2300,2290,2300,2300,0
2021-10-21,2290,2280,2320,2310,43300
2021-10-22,2320,2290,2320,2310,33400
2021-10-25,2320,2310,2450,2440,317000
2021-10-26,2440,2440,2540,2500,317300
2021-10-27,2500,2400,2510,2430,129200
2021-10-28,2470,2430,2500,2460,109600
2021-10-29,2460,2460,2530,2480,160700
2021-11-01,2480,2480,2520,2510,185400
2021-11-02,2510,2500,2530,2510,62600
2021-11-03,2510,2510,2650,2570,223600
2021-11-04,2570,2570,2600,2570,227600
2021-11-05,2570,2570,2630,2580,208800
2021-11-08,2580,2580,2620,2580,44700
2021-11-09,2600,2570,2650,2590,122400
2021-11-10,2590,2570,2610,2590,29900
2021-11-11,2580,2540,2600,2540,59800
2021-11-12,2550,2480,2560,2550,45700
2021-11-15,2550,2500,2550,2520,109500
2021-11-16,2530,2530,2560,2560,25400
2021-11-17,2560,2540,2560,2540,34600
2021-11-18,2540,2530,2570,2550,23000
2021-11-19,2570,2500,2580,2550,29000
2021-11-22,2570,2550,2590,2590,69000
2021-11-23,2600,2600,2680,2650,195800
2021-11-24,2670,2610,2700,2620,90000
2021-11-25,2620,2580,2660,2590,245800
2021-11-26,2590,2520,2630,2560,75200
2021-11-29,2560,2500,2570,2570,74600
2021-11-30,2580,2550,2620,2570,30600
2021-12-01,2570,2540,2590,2550,29100
2021-12-02,2550,2520,2610,2560,56200
2021-12-03,2560,2520,2590,2590,52700
2021-12-06,2590,2560,2590,2590,79700
2021-12-07,2590,2580,2600,2590,89700
2021-12-08,2670,2600,2680,2630,27600
2021-12-09,2630,2630,2690,2670,49800
2021-12-10,2670,2570,2670,2650,53700
2021-12-13,2610,2600,2640,2640,21300
2021-12-14,2640,2630,2650,2630,2300
2021-12-15,2630,2570,2650,2630,77100
2021-12-16,2630,2580,2630,2600,16700
2021-12-17,2600,2600,2630,2620,15400
2021-12-20,2640,2590,2650,2610,38200
2021-12-21,2620,2590,2630,2610,18000
2021-12-22,2640,2610,2650,2610,53700
2021-12-23,2600,2600,2640,2620,18700
2021-12-24,2620,2620,2640,2640,13100
2021-12-27,2630,2600,2640,2620,9900
2021-12-28,2640,2630,2680,2680,40500
2021-12-29,2680,2660,2800,2730,202000
2021-12-30,2730,2590,2740,2700,52800
2021-12-31,2730,2590,2740,2700,0
2022-01-03,2700,2690,2900,2740,72200
2022-01-04,2740,2740,2760,2740,9300
2022-01-05,2700,2680,2740,2690,61100
2022-01-06,2690,2680,2740,2710,30500
2022-01-07,2710,2710,2760,2750,25000
2022-01-10,2720,2720,2800,2790,58000
2022-01-11,2790,2680,2800,2770,65800
2022-01-12,2770,2720,2790,2750,26300
2022-01-13,2750,2700,2760,2700,56500
2022-01-14,2800,2700,2800,2700,35300
2022-01-17,2780,2710,2800,2780,18500
2022-01-18,2800,2720,2860,2770,42100
2022-01-19,2770,2750,2790,2770,8100
2022-01-20,2770,2770,2870,2840,38600
2022-01-21,2840,2840,2850,2850,31100
2022-01-24,2850,2760,2850,2790,23400
2022-01-25,2840,2780,2870,2790,22400
2022-01-26,2790,2700,2790,2790,25700
2022-01-27,2790,2770,2840,2780,15500
2022-01-28,2780,2760,2830,2760,27200
2022-01-31,2760,2720,2830,2770,20500
2022-02-01,2760,2720,2830,2770,0
2022-02-02,2760,2750,2830,2790,24700
2022-02-03,2790,2770,2820,2780,24100
2022-02-04,2770,2720,2820,2760,36400
2022-02-07,2800,2700,2820,2740,82700
2022-02-08,2740,2720,2740,2730,79200
2022-02-09,2730,2720,2770,2760,16000
2022-02-10,2770,2700,2780,2760,37400
2022-02-11,2760,2750,2760,2750,5400
2022-02-14,2750,2700,2750,2730,87100
2022-02-15,2730,2720,2730,2730,18400
2022-02-16,2730,2720,2750,2740,21400
2022-02-17,2740,2720,2750,2740,5000
2022-02-18,2740,2720,2740,2720,54400
2022-02-21,2730,2730,2760,2750,13600
2022-02-22,2750,2730,2760,2730,67300
2022-02-23,2750,2720,2750,2730,54100
2022-02-24,2730,2730,2750,2750,87900
2022-02-25,2760,2740,2760,2750,23700
2022-02-28,2760,2740,2760,2750,0
2022-03-01,2740,2710,2750,2750,66200
2022-03-02,2730,2720,2740,2730,8500
2022-03-03,2730,2720,2740,2730,0
2022-03-04,2730,2700,2730,2720,92300
2022-03-07,2710,2700,2730,2720,44700
2022-03-08,2700,2670,2720,2670,62500
2022-03-09,2670,2650,2700,2670,46500
2022-03-10,2670,2660,2690,2670,20500
2022-03-11,2670,2670,2690,2690,5600
2022-03-14,2700,2700,2730,2720,74500
2022-03-15,2730,2710,2730,2710,33900
2022-03-16,2720,2700,2720,2700,7300
2022-03-17,2700,2700,2720,2720,6400
2022-03-18,2720,2700,2730,2730,13500
2022-03-21,2730,2700,2740,2720,18200
2022-03-22,2720,2720,2740,2730,17400
2022-03-23,2730,2710,2730,2720,32400
2022-03-24,2720,2700,2750,2740,86200
2022-03-25,2740,2700,2740,2710,33300
2022-03-28,2730,2720,2730,2720,5500
2022-03-29,2720,2720,2730,2730,5300
2022-03-30,2730,2700,2740,2740,7600
2022-03-31,2740,2650,2750,2730,78400
2022-04-01,2730,2720,2760,2750,37000
2022-04-04,2750,2730,2760,2760,126200
2022-04-05,2760,2760,2800,2780,18900
2022-04-06,2780,2780,2840,2830,76500
2022-04-07,2830,2790,2840,2800,21900
2022-04-08,2800,2800,2830,2800,31900
2022-04-11,2800,2760,2830,2760,75800
2022-04-12,2760,2710,2800,2740,39600
2022-04-13,2740,2730,2740,2740,9700
2022-04-14,2750,2700,2750,2750,78800
2022-04-15,2750,2700,2750,2750,0
2022-04-18,2750,2700,2780,2730,114800
2022-04-19,2730,2700,2760,2730,78400
2022-04-20,2740,2700,2820,2760,108400
2022-04-21,2780,2770,2790,2790,32300
2022-04-22,2770,2760,2800,2780,16000
2022-04-25,2780,2750,2810,2800,189100
2022-04-26,2800,2750,2800,2790,117900
2022-04-27,2790,2790,2890,2830,79100
2022-04-28,2820,2800,2880,2860,67600
2022-04-29,2820,2800,2880,2860,0
2022-05-02,2820,2800,2880,2860,0
2022-05-03,2820,2800,2880,2860,0
2022-05-04,2820,2800,2880,2860,0
2022-05-05,2820,2800,2880,2860,0
2022-05-06,2820,2800,2880,2860,0
2022-05-09,2860,2860,2900,2890,168600
2022-05-10,2890,2800,2890,2850,119900
2022-05-11,2860,2850,2990,2910,231100
2022-05-12,2910,2850,2950,2860,185600
2022-05-13,2860,2860,2900,2870,29100
2022-05-16,2860,2860,2900,2870,0
2022-05-17,2870,2870,2950,2890,166200
2022-05-18,2890,2870,2910,2900,79800
2022-05-19,2900,2870,2900,2880,108800
2022-05-20,2890,2870,2960,2950,428000
2022-05-23,2960,2960,2980,2960,95500
2022-05-24,2960,2960,3030,3030,337700
2022-05-25,3040,2980,3060,3010,525900
2022-05-26,3040,2980,3060,3010,0
2022-05-27,3040,2980,3060,3010,0
2022-05-30,2740,2700,2770,2740,319900
2022-05-31,2820,2710,2820,2760,167100
2022-06-01,2820,2710,2820,2760,0
2022-06-02,2780,2740,2800,2760,81500
2022-06-03,2770,2730,2800,2760,82500
2022-06-06,2770,2760,2790,2760,29400
2022-06-07,2790,2760,2800,2790,64700
2022-06-08,2790,2770,2800,2800,50400
2022-06-09,2800,2780,2850,2790,176900
2022-06-10,2790,2760,2820,2770,28400
2022-06-13,2770,2720,2770,2760,36700
2022-06-14,2760,2740,2790,2760,12600
2022-06-15,2760,2720,2760,2720,40400
2022-06-16,2720,2720,2740,2740,6600
2022-06-17,2740,2740,2900,2800,107500
2022-06-20,2800,2790,2870,2800,41700
2022-06-21,2800,2760,2850,2790,26400
2022-06-22,2790,2770,2790,2770,10900
2022-06-23,2770,2750,2810,2810,12500
2022-06-24,2810,2810,2900,2810,141700
2022-06-27,2850,2770,2850,2770,21400
2022-06-28,2770,2770,2890,2790,31400
2022-06-29,2800,2780,2800,2790,4300
2022-06-30,2780,2750,2870,2800,46500
2022-07-01,2810,2780,2810,2790,13200
2022-07-04,2790,2650,2790,2740,159500
2022-07-05,2740,2720,2790,2770,24500
2022-07-06,2790,2730,2790,2760,6500
2022-07-07,2760,2720,2800,2800,21600
2022-07-08,2800,2800,2800,2800,8100
2022-07-11,2800,2710,2800,2770,24500
2022-07-12,2790,2780,2800,2780,3800
2022-07-13,2780,2770,2790,2770,4200
2022-07-14,2770,2770,2850,2810,44400
2022-07-15,2810,2740,2830,2830,38800
2022-07-18,2830,2810,2830,2830,20400
2022-07-19,2830,2790,2830,2790,10700
2022-07-20,2790,2770,2820,2810,7500
2022-07-21,2800,2800,2840,2840,13400
2022-07-22,2840,2800,2840,2840,12100
2022-07-25,2840,2790,2840,2830,37800
2022-07-26,2830,2800,2830,2830,9000
2022-07-27,2820,2810,2850,2850,49000
2022-07-28,2850,2820,2860,2860,14900
2022-07-29,2860,2830,2860,2850,61300
2022-08-01,2850,2810,2860,2810,8200
2022-08-02,2810,2800,2810,2800,30500
2022-08-03,2800,2790,2810,2800,53000
2022-08-04,2800,2800,2830,2810,65000
2022-08-05,2810,2790,2810,2800,38200
2022-08-08,2820,2820,2860,2840,57000
2022-08-09,2860,2830,2890,2860,91300
2022-08-10,2900,2860,2900,2860,16100
2022-08-11,2870,2840,2880,2840,12700
2022-08-12,2830,2650,2830,2760,419900
2022-08-15,2760,2760,2890,2850,92100
2022-08-16,2840,2810,2840,2840,74500
2022-08-17,2840,2810,2840,2840,0
2022-08-18,2840,2800,2840,2820,4000
2022-08-19,2820,2800,2830,2830,19400
2022-08-22,2840,2740,2840,2790,62000
2022-08-23,2800,2740,2800,2760,39200
2022-08-24,2770,2740,2800,2750,54700
2022-08-25,2750,2740,2770,2770,53300
2022-08-26,2770,2740,2770,2750,68400
2022-08-29,2750,2720,2750,2720,46400
2022-08-30,2730,2730,2750,2740,23200
2022-08-31,2740,2710,2750,2720,78600
2022-09-01,2720,2710,2740,2720,18000
2022-09-02,2720,2710,2740,2710,54300
2022-09-05,2730,2710,2730,2720,42500
2022-09-06,2720,2710,2720,2720,13100
2022-09-07,2740,2710,2740,2710,26700
2022-09-08,2710,2710,2740,2720,11900
2022-09-09,2740,2700,2740,2710,80200
2022-09-12,2730,2720,2740,2740,11900
2022-09-13,2740,2700,2750,2740,66500
2022-09-14,2720,2710,2740,2740,35300
2022-09-15,2740,2710,2760,2750,37700
2022-09-16,2750,2730,2770,2760,24900
2022-09-19,2760,2720,2770,2730,22900
2022-09-20,2740,2730,2750,2730,9100
2022-09-21,2740,2730,2750,2740,39500
2022-09-22,2730,2700,2750,2750,79700
2022-09-23,2750,2700,2790,2790,57100
2022-09-26,2750,2740,2800,2750,56600
2022-09-27,2750,2710,2750,2720,11200
2022-09-28,2720,2710,2740,2740,9300
2022-09-29,2740,2740,2780,2750,30300
2022-09-30,2750,2670,2750,2700,50300
2022-10-03,2700,2680,2740,2690,33600
2022-10-04,2700,2690,2720,2720,33300
2022-10-05,2680,2680,2720,2700,700
2022-10-06,2700,2700,2730,2730,1500
2022-10-07,2690,2690,2720,2720,17500
2022-10-10,2710,2690,2710,2700,35300
2022-10-11,2700,2680,2740,2710,22900
2022-10-12,2700,2700,2720,2710,52300
2022-10-13,2700,2690,2700,2700,5700
2022-10-14,2690,2640,2690,2680,242900
2022-10-17,2680,2580,2680,2650,39200
2022-10-18,2680,2650,2730,2690,3000
2022-10-19,2700,2650,2710,2700,18200
2022-10-20,2700,2660,2700,2700,14300
2022-10-21,2690,2670,2700,2700,43600
2022-10-24,2700,2680,2700,2700,18900
2022-10-25,2700,2670,2700,2670,23000
2022-10-26,2670,2670,2700,2700,18800
2022-10-27,2700,2700,2720,2720,8300
2022-10-28,2720,2710,2720,2720,1500
2022-10-31,2740,2700,2740,2740,12000
2022-11-01,2740,2700,2740,2710,16100
2022-11-02,2700,2690,2740,2710,21700
2022-11-03,2710,2690,2720,2720,1400
2022-11-04,2720,2720,2730,2720,20200
